,0,1
0,0.021099120616775994,0.0010405296915363092
1,0.03674226634814095,0.0036353298605835025
2,0.03537023372745271,0.003559923454530712
3,0.02578361118745874,0.0014799553771493194
4,0.033142280255536394,0.003440266655832393
5,0.02937111670274522,0.0025636164308193133
6,0.034316275069662824,0.0033939252452010503
7,0.03171288570546817,0.0024163847084074605
8,0.028671856188802598,0.0015240303966334015
9,0.03139050022495663,0.002307755211822317
10,0.03189155457158163,0.0019085657385721423
11,0.033645593363400554,0.003299061632885721
12,0.02617699929492549,0.0012619723355992883
13,0.03896261778811598,0.0054329297501754465
14,0.03973223077699859,0.006007487869306954
15,0.03284081026512852,0.0030046325250024067
16,0.01930400884174215,0.0007600193417387149
17,0.03382657767622233,0.0028650966044649223
18,0.03255608507917867,0.0024271479297756325
19,0.03944752803595673,0.005164354011510487
20,0.03749451417527282,0.0037389709361332177
21,0.024047086893295506,0.0012550851210935518
22,0.022772074030734057,0.0011034988813640528
23,0.02411999451330244,0.0010750114969729876
24,0.03568318240982417,0.002890834325510316
25,0.025796589527556348,0.0011255761906862115
26,0.02637693706458591,0.0013653027694107422
27,0.03878630260291173,0.004159367292031253
28,0.039550769154035374,0.004825952541435169
29,0.02877597623339698,0.00171096383573849
30,0.023237684383351068,0.000846750921325496
31,0.032772179371363126,0.0025600290141080343
32,0.02330493123048491,0.0008103833356636466
33,0.03675378853886936,0.0036992020688758993
34,0.028546143720980816,0.0014579827746174809
35,0.032462317200578704,0.0022465091324762967
36,0.04116016552350316,0.006345363471225765
37,0.035709272924386,0.0031093112805597794
38,0.029244366413429267,0.00187486106354654
39,0.0376090558542389,0.004117600492794215
40,0.03367031581855133,0.00269592790567474
41,0.028872005589024537,0.001583985561845265
42,0.04143004198379419,0.0072854836737431174
43,0.03419707324347305,0.0028018432896779522
44,0.036194473091070545,0.003306592387132992
45,0.032395539144502744,0.0022288146830779986
46,0.04137141186111823,0.005085475378767356
47,0.041718213324242255,0.006801158241606348
48,0.03365474599016971,0.0026917231558539778
49,0.033148738908038246,0.00245933925312609
50,0.03664291113093856,0.0031395611053868125
51,0.030918179329874458,0.0017348139306763964
52,0.027765772962923426,0.0012848661061305067
53,0.03382034681791992,0.002378954464605825
54,0.034809196340492635,0.0026348593432882306
55,0.034981955756468265,0.00272234079130348
56,0.03013826864993355,0.0017023291195528828
57,0.03198755063647963,0.0020070267329988243
58,0.028564575107127507,0.0013631613863257605
59,0.0386529842575836,0.0041504500289188204
60,0.03927973303458449,0.0035825767301969
61,0.03698248580759904,0.0031514640244544555
62,0.037181585830256596,0.0034172375977867212
63,0.028971097569633942,0.0016427045159610914
64,0.03262340845564626,0.002223150445672176
65,0.04292509755786626,0.006212677548643444
66,0.01970300441548948,0.0005049754017011142
67,0.03978369898540582,0.0049383239867573136
68,0.03646833932801048,0.0030761485856947326
69,0.02057973983913739,0.0005697404051990847
70,0.03820596511559899,0.0034972903015159968
71,0.032516824301753136,0.0021722104990407752
72,0.03572356022205838,0.00306898000059978
73,0.02400982242100373,0.0009662740358243597
74,0.021830201700818095,0.000656244679963711
75,0.032686667019132275,0.0023432701608211834
76,0.02634208474615682,0.0012067624531870377
77,0.02221939735501283,0.0008018085975127819
78,0.024351287520779197,0.000916707214403512
79,0.03615441861145466,0.002936597913574368
80,0.02529400065109747,0.0011123057522032377
81,0.040214487640462884,0.004584692816509309
82,0.028778480770770182,0.0015607774942905976
83,0.042337728511077026,0.00518670093980407
84,0.03276988265641645,0.002298783702146734
85,0.026560303711034884,0.001266303745840312
86,0.0351195148106281,0.002803502718380698
87,0.045369439748550594,0.007695013553435655
88,0.02682115770024834,0.0011100074980526324
89,0.022633996801186686,0.0007529767747444875
90,0.027256755512476926,0.0011272185015436212
91,0.033020537406386725,0.002099479954446666
92,0.029044195044204812,0.001597512725138453
93,0.02742717939182583,0.001234309764432002
94,0.02713910779435075,0.0011242598030653758
95,0.029387810103876696,0.001469665576015779
96,0.01972350338127808,0.0005154616594892619
97,0.04340708677906061,0.0068035178341603
98,0.024474037837438713,0.0010922583075627652
99,0.02970748974943901,0.001635216761405879
100,0.03510479581255376,0.002649255405625504
101,0.03413023548070925,0.0024005120903262205
102,0.02569190337357214,0.001070102846615654
103,0.02782517100936789,0.0013477930927552196
104,0.023379742602069816,0.0008576083627844945
105,0.03777590736360531,0.003323799479527245
106,0.029964058052256784,0.0016441181923699867
107,0.021568794168628842,0.0005208771236599363
108,0.04426668500394259,0.007229365195203072
109,0.0353223879339635,0.002845997136059679
110,0.040339935237416163,0.004615654399022343
111,0.03108284357623114,0.0018625558898491413
112,0.03189280247637185,0.0019640107352247075
113,0.044356759949816034,0.007059959226324526
114,0.024452655309182246,0.0009267621065046986
115,0.02450570660930569,0.0009380091163503372
116,0.0405420583928179,0.0048237339958522385
117,0.02731925497910279,0.0011547089031984329
118,0.03961032024796459,0.00453825177400442
119,0.029154140050572378,0.0014046184721034033
120,0.03755254380802129,0.0033131127716926703
121,0.037062753423145675,0.0028776561775069377
122,0.025235426842388654,0.0010200534194813407
123,0.03928120901746742,0.004451870198788453
124,0.03541974324054995,0.0027451542793418262
125,0.030233425089192457,0.0016731587572770457
126,0.0378373586963591,0.003156480685452872
127,0.022540213071794744,0.0007126340078776683
128,0.04007827934034441,0.0039555109958952115
129,0.0309820393079219,0.0018110977065246728
130,0.03374461711657838,0.0021939911518452093
131,0.03945234587029814,0.003910602774302432
132,0.0359321233687276,0.002703499648924545
133,0.023381277619448224,0.0009029385401707403
134,0.018852495485499998,0.0004655497026825427
135,0.0342555538792418,0.0024925111397056353
136,0.033668778397228656,0.0021908927339862262
137,0.019272140187789107,0.00044924620643748873
138,0.025019285936718885,0.0010154920002035512
139,0.024577745855380258,0.0008916160131352012
140,0.034750159317673654,0.0025863088964588137
141,0.0319114384597181,0.0019723757193928623
142,0.040848637368270296,0.005021287723754704
143,0.034007915343216906,0.0023273752473171906
144,0.025258964106149442,0.0010393224684307563
145,0.04070641946500149,0.004865871856179593
146,0.024941832249863773,0.0010090245753679407
147,0.029651553339572506,0.0016294680920725844
148,0.04282799129440753,0.006026654475116082
149,0.030643699097292205,0.0016675039893352436
150,0.029496739192995877,0.0015567227580056517
151,0.024453883453795174,0.0008745151487821602
152,0.04373502080762885,0.006344126513777094
153,0.02330777189731685,0.0008505884034650601
154,0.023711680261384406,0.0008471472384632873
155,0.02291041720413273,0.0007409364509447834
156,0.04015860027831535,0.0037338805971164945
157,0.027529116111862355,0.0011916375983271035
158,0.025402708883025357,0.0009632243837913778
159,0.025198575741109275,0.0008866516746491187
160,0.031324745268011135,0.0018238192485407186
161,0.03614268569938536,0.002752410609458172
162,0.023428905361333397,0.00080302618131458
163,0.04249575373756298,0.0059119751060144115
164,0.04091138839392839,0.005037180901270275
165,0.03309505518272106,0.0020943462581544813
166,0.025426795199135183,0.000894273115855793
167,0.04030679990149848,0.004345258284031797
168,0.034588156942099275,0.002525358905263228
169,0.037538045752997524,0.003127871746746369
170,0.029251819333432433,0.0013851951216202062
171,0.043193192846762415,0.006057273095378438
172,0.029693411234258914,0.0016229430560377588
173,0.03480902148740315,0.0026261150583012345
174,0.04071916659236408,0.0048586802490195435
175,0.027695584719108164,0.0012750681450073786
176,0.037848531256352576,0.0031902780530116766
177,0.035293864530976646,0.002558497743107773
178,0.02987941765663961,0.001625171607412983
179,0.03004313857916248,0.0015932754546931036
180,0.04327593283527767,0.005957350030935388
181,0.03723901534091129,0.0028260327763268895
182,0.03208223805676907,0.002074925892626789
183,0.0313252980702866,0.001872166650221241
184,0.033282182024040964,0.0020464271875352967
185,0.031064014581884628,0.0017989630519599157
186,0.022692582316667542,0.0007220492317712915
187,0.027654636062262084,0.0012321725341651812
188,0.044185695008576775,0.006890241583625476
189,0.040248946783263344,0.004200749131592682
190,0.03625693876293533,0.0028129029670786684
191,0.025493332350673775,0.00103207054865453
192,0.035741399136515715,0.002584043888856178
193,0.027974839803552722,0.0012463650236603165
194,0.02233613066739908,0.0006993502651490661
195,0.02820826991364909,0.0013042952277595964
196,0.04094174884924383,0.004982083986601144
197,0.024177245840010755,0.0008742505003247417
198,0.032224445809131225,0.0019681894431304117
199,0.030362669273334145,0.0016097052078821704
200,0.031329575891841446,0.0018915390440540347
201,0.03904124444434621,0.003241512338740103
202,0.029673895818762615,0.0015875221900995887
203,0.03232263864298199,0.0020460408662531415
204,0.0345579220392804,0.0024959117840376377
205,0.041061873116251695,0.005065905581759052
206,0.025697420488785684,0.0009217866403709176
207,0.041407818647881706,0.00501293039234866
208,0.03469845463380138,0.002428112504782015
209,0.022923906617691267,0.0007722732677703882
210,0.02786667084130443,0.0012143604263682604
211,0.027993071845249243,0.001292617079819466
212,0.03258277258874376,0.002016505480694478
213,0.031004154694642082,0.0017973373411043802
214,0.027459905268366766,0.0011852586097593843
215,0.023491316618074347,0.0008287087086272605
216,0.031126943200524476,0.0017827806511607192
217,0.04078141463723299,0.004316404637445078
218,0.02570523155627297,0.0010651265893373639
219,0.029451494156260458,0.0014952399727137483
220,0.040261552186023966,0.004196041944130144
221,0.032534678752877105,0.0018363094164762991
222,0.025270486093083362,0.0008864862679240047
223,0.04141842334457746,0.004648764646531665
224,0.02260565857052186,0.0007054853617851946
225,0.019053281199998457,0.0004075651990190414
226,0.034996002385734006,0.0024500179853439484
227,0.023777061013485958,0.0008515244549679348
228,0.024106452480417418,0.0008285856644838534
229,0.043475852880062116,0.005837188605876903
230,0.022279234931835652,0.0006902531531403279
231,0.02712970823334737,0.0010837797091883602
232,0.02879628503660104,0.0013680535127931362
233,0.02605300980528845,0.0010351020869203984
234,0.033290924345959365,0.002137429663592189
235,0.035743037662763114,0.0027009642846701105
236,0.03431244454329977,0.002408840919087894
237,0.023462409241021574,0.0008114043562738274
238,0.03089551528978336,0.0016533010420068633
239,0.034774915323966114,0.0024444930313259807
240,0.023752581393855957,0.0007848198523437481
241,0.029741281271562985,0.0014753849306848113
242,0.027720462834067858,0.0011572044661861908
243,0.03415471152992243,0.0024064431127905094
244,0.0174099422750805,0.0003260507338558963
245,0.03728482327751608,0.0029116275079545868
246,0.04580359630148766,0.00879591161900922
247,0.02044571707020498,0.00048806701215029814
248,0.03406094190159766,0.00226658559232635
249,0.04263298064381373,0.005538705344694932
250,0.022343658463832957,0.000692890055552125
251,0.017869287647935272,0.00033045418429599713
252,0.04079108903278356,0.0043433244568306705
253,0.02059125162904494,0.0004864241095039041
254,0.042167205294756704,0.005021391032379805
255,0.04243156838937135,0.005248277771308634
256,0.019282921886485265,0.000454480699452596
257,0.034429572440018416,0.002270552609576434
258,0.022907432780326364,0.0007235221894229511
259,0.028412407461158327,0.0012785693843398865
260,0.04191715116141585,0.004890971119109638
261,0.021826422212340144,0.0006515659293879787
262,0.03597237289815438,0.0027199219016047116
263,0.03779979686426625,0.003004721847965001
264,0.02489131714844873,0.0008620893650977074
265,0.03267103285770155,0.0019161002541326806
266,0.030457219709479587,0.0016171363805298972
267,0.03905994285478982,0.0035494046930479523
268,0.03329367705130214,0.002065428512107646
269,0.023771660224621752,0.0008192523488575244
270,0.02995110891620054,0.0015311646360381397
271,0.03302345603287554,0.0019266981848845947
272,0.03134918757088036,0.0017880058843167091
273,0.03347301163864134,0.0021552122751925177
274,0.021888195309802575,0.0006695668047460147
275,0.027420078855044046,0.0011069605123463072
276,0.031003154129329802,0.0016019254761637936
277,0.022844635611430235,0.0006814664815804932
278,0.03797686090594858,0.0030466839887457312
279,0.02629204831390132,0.0010676392021030118
280,0.03220506078525242,0.0018128057300866587
281,0.04074100442547867,0.004239875836747658
282,0.044161630771373486,0.006708200356267913
283,0.023168517872018297,0.0007786231731185776
284,0.03139498899016947,0.0017765437295563966
285,0.04060018210219236,0.004208183695418644
286,0.0427904728968902,0.005540001596466004
287,0.02184723687293061,0.000558956391749845
288,0.034860663023253746,0.002395092041820707
289,0.026061464005697487,0.0010080748249952603
290,0.023976058428751373,0.0007557319865957985
291,0.033734992405898084,0.002147491422911194
292,0.02191180810748403,0.0006144368571309401
293,0.04145390052417687,0.004584126470979944
294,0.02618168481884851,0.001006947329584
295,0.02637796696509221,0.0010672849800162775
296,0.03445288131989365,0.002368549754556197
297,0.03152584925417719,0.001805494674090922
298,0.024414620214732986,0.000839362240623038
299,0.04033537753206169,0.004100022950737754
300,0.04245391311453092,0.00522468965993602
301,0.041245965377530024,0.004492640646916675
302,0.04494084941166835,0.0070110488566748645
303,0.021999415032546522,0.0006319886478353306
304,0.04074688843227335,0.004248945178429924
305,0.04260192691985789,0.005122071646176568
306,0.027729999844613,0.001188105072470133
307,0.028207821830300125,0.001252141482427291
308,0.04364920935553721,0.0061690240730801725
309,0.04323437470055025,0.005671642620558671
310,0.03109635564347769,0.001766214820040723
311,0.03330827213991469,0.0020493251904302864
312,0.019284387978963608,0.0004372773449524066
313,0.02978765532002091,0.0014634717185074
314,0.03554738018421679,0.002548389527408795
315,0.029965229345503146,0.0015907528651243604
316,0.024428606927497504,0.0008258906104891417
317,0.03629125885217549,0.002793300290007887
318,0.04291274919711654,0.005534792944518277
319,0.019287577473948797,0.0004079423363141441
320,0.029410397572521216,0.0013797301944798346
321,0.026429644901177888,0.0010830188110740031
322,0.042939175819233455,0.0054229592460477705
323,0.03638717009490742,0.0026477308268610124
324,0.017923667605572867,0.0004023906579203291
325,0.031735976754020394,0.001689863819030835
326,0.03022953506589277,0.0015565861381793558
327,0.04035966967891179,0.00395113407593975
328,0.03939910622430703,0.0035834864680230867
329,0.02291081819983928,0.0007216080758209706
330,0.033326772672453986,0.0021322547089122966
331,0.022182453681517167,0.0005969569425535516
332,0.030480527557767426,0.0015647529541380496
333,0.025320783511789704,0.0008823534395792431
334,0.040797101253018414,0.004425294699202887
335,0.038249528409638064,0.00310944033308162
336,0.019723660028449087,0.000474864074814981
337,0.03659247293425914,0.0027349126785320144
338,0.023053898971124996,0.0007255227661629314
339,0.027982818772992777,0.001233216870075206
340,0.045025649929935595,0.007601478735522122
341,0.01808170563033602,0.00034038137180360874
342,0.028683982364840585,0.0013389075851049368
343,0.04386036806398668,0.006035533031005651
344,0.0248273053194464,0.0008534274639178343
345,0.019059532629937138,0.0003787774021054263
346,0.03280452277997495,0.0019140300728495453
347,0.02223017087939024,0.0006023557515355785
348,0.03451747652718055,0.0023642086904098526
349,0.030233043122287535,0.0015405426900833422
350,0.03788445956805601,0.002991296149997348
351,0.03514162635170906,0.002538646044076917
352,0.028972863906787685,0.001378707974915889
353,0.04112826063544323,0.0043212121903355456
354,0.03306635024396736,0.002037418529613745
355,0.019987421505593666,0.000468664957587711
356,0.026368572182516762,0.001014728662166463
357,0.04078454363620122,0.0042510779083150905
358,0.03400954901980963,0.0022005169698702644
359,0.032562240940462846,0.0018797568362460416
360,0.03839976330718405,0.0031462673279919
361,0.04073168689729463,0.004171382877870348
362,0.02631458362465895,0.0010026797633001154
363,0.04228892349018489,0.005104553713663481
364,0.023001535003848037,0.0006706025128392592
365,0.022231054659862838,0.0006349494294195018
366,0.04144866951046748,0.004526105314174015
367,0.02502542686252023,0.000849084929964722
368,0.024165506027791744,0.0008147076276959261
369,0.03321357956349268,0.0020399310895024905
370,0.036391861229813804,0.002580496729897607
371,0.023126449929519573,0.0007054854532080734
372,0.026649097052494655,0.0010512658884637652
373,0.02234854335538607,0.0006194427439386642
374,0.02527211809839517,0.0008503559962527903
375,0.039091650334909,0.0034089960810459222
376,0.025781538192655027,0.000945331982143408
377,0.02776414093726932,0.0011901760720964872
378,0.035193473509565414,0.0024863514356862934
379,0.03382756397313199,0.002114036646857258
380,0.024642852990167854,0.0008234136536340017
381,0.030488529855748462,0.0015080249518943593
382,0.03529142108920147,0.0025400842396528073
383,0.02802078969878653,0.001249812075825998
384,0.029540932285007745,0.001420125676841152
385,0.041992054986600205,0.0050029529150783505
386,0.04163945923797541,0.004808544746170603
387,0.03531106751103708,0.002453351747552819
388,0.04267152497943173,0.005151833620029322
389,0.040482767487550766,0.004106470341167256
390,0.02313992868564524,0.0007531504413474035
391,0.019095677722855493,0.00039729717376925914
392,0.03981341009276499,0.00345308421136993
393,0.022732525606761426,0.0006536435283890631
394,0.019363502080795618,0.0004249253797593666
395,0.02322235194803454,0.0006813303958513096
396,0.03547007218956683,0.002513609621642135
397,0.03408928280543179,0.0022689333282057056
398,0.023231029674606465,0.0007436702015287735
399,0.020179679004205732,0.00045883313970756904
400,0.04016339928953997,0.003748074776181549
401,0.01969137120526424,0.00045076130704986003
402,0.022536366638190915,0.0006245555638013202
403,0.041983187490805346,0.004941082953089682
404,0.04186422975299087,0.004839362926816069
405,0.04390120894750521,0.006315337972545126
406,0.028630940689743943,0.0012714221609333052
407,0.03055006233255613,0.001550865114222203
408,0.034153979670153156,0.002221164781691295
409,0.02679549954227595,0.001060564566473044
410,0.019413272462251108,0.0004213973811468417
411,0.025825394592095617,0.0009734614938043803
412,0.028745611550906554,0.0013087467543947422
413,0.028002817463090534,0.0012349500705151598
414,0.03491419973376713,0.0023197066085238354
415,0.029016102460553125,0.0013040149127656808
416,0.044580710436506715,0.0069843875109189615
417,0.0364501817824302,0.0027321696073316784
418,0.023318907667435558,0.0007226204777240125
419,0.02071510478564806,0.0005031301333505613
420,0.023770634735703004,0.00075080006659735
421,0.03726134407608108,0.0028697593928685896
422,0.04218316457175403,0.004918991614596004
423,0.03680026404497995,0.002805369000373776
424,0.02982586154297231,0.0014779613291389447
425,0.028266147020113864,0.0012537401147150395
426,0.03558100465353991,0.0025628583941530642
427,0.02958990698314779,0.0014566422629484603
428,0.04151301258956332,0.004630692775155615
429,0.023663911981661637,0.0007258200956566346
430,0.03466680563113103,0.002275168938742176
431,0.02348703234136806,0.0006887302477330096
432,0.019271904079922873,0.00038666278406726393
433,0.0443966122225713,0.006916488153567561
434,0.03454130853333128,0.0022477122904388867
435,0.041612183763344066,0.004624361921308089
436,0.03559818320266987,0.0025461597394160177
437,0.029649440949024053,0.001428568503554943
438,0.04169576278780554,0.004818635304613119
439,0.04310518878012388,0.0056243015274763854
440,0.04180004517907173,0.004811569123721236
441,0.018277372928469357,0.0003737347033617871
442,0.03070126637408706,0.0015662062834109767
443,0.023764905979665577,0.0007468963365476028
444,0.02428819818683091,0.0007426684421126043
445,0.041185995778958935,0.004191706476176021
446,0.04009268056118197,0.0036385672896267762
447,0.026439901921263217,0.0010277012537462276
448,0.02429510782003823,0.0008210345153975338
449,0.04436311912866051,0.006725156025457616
450,0.04406089602490341,0.006621752057824187
451,0.030192643172030773,0.0014788807179078774
452,0.03267035206662047,0.001877634133134574
453,0.028331261607541205,0.001212839780782724
454,0.04541583037810594,0.008477126459080504
455,0.0198248371843217,0.0004447601104895743
456,0.025879868277469444,0.0009651931349707505
457,0.024845985240292467,0.0008060450888712239
458,0.027750813757512992,0.0011771175227247776
459,0.04107764856547253,0.004179463152739926
460,0.042787406292537696,0.005370189722350006
461,0.044132030673805625,0.0066333016899114495
462,0.04097125704271882,0.004120008229492184
463,0.016587355871419934,0.0002752104008771764
464,0.026007005712937736,0.00099628572081257
465,0.04256171254649294,0.00505694704850314
466,0.019915002827459317,0.00042391588420001157
467,0.04348869558007065,0.005699172883991887
468,0.021984003520067803,0.0005857756892676156
469,0.041658761749242636,0.004682117276401787
470,0.031120830594269136,0.0016860943958513003
471,0.042823230445964235,0.005162183661575138
472,0.03339647013262166,0.0021026397163210865
473,0.023385575664467556,0.0006758305387460334
474,0.04191209590742516,0.004794341771932269
475,0.03337515392762792,0.0020844385055809617
476,0.03579205011664607,0.0024881980690019336
477,0.03088088535013697,0.0015688920805646345
478,0.03352031546441175,0.0020824174287985145
479,0.022003765991535786,0.0005852949492752393
480,0.020780320884590912,0.0004969401786749654
481,0.033570665886914014,0.0021078944107792326
482,0.0404332005645257,0.003990838996827361
483,0.03426703921591665,0.002242458250346381
484,0.04435658164752736,0.006498494372660183
485,0.02600798333924292,0.000999037069214217
486,0.04261384235117136,0.004927419130554447
487,0.0320226558876619,0.0017732627079295154
488,0.03660645466037692,0.002700440924610311
489,0.04016307795471319,0.00371443310571156
490,0.020835525062513044,0.0004711717329905304
491,0.02560006679125219,0.0009071031998189502
492,0.022650400574290658,0.0006525471907036259
493,0.03147184582718795,0.0016849793702835261
494,0.020355758934597994,0.000441358008420151
495,0.023840623995521313,0.0007269741776540982
496,0.019488785328310786,0.00038440469220679376
497,0.03393202264681071,0.002077854615093372
498,0.021076652923929386,0.0005107983844432786
499,0.03733248005432733,0.002899792254770302
500,0.029673421739881405,0.001460095533231253
501,0.04179575085420937,0.004584042675539956
502,0.04270571691577981,0.004754639032736396
503,0.018469696953359784,0.00036946531912412017
504,0.0352758581555916,0.002388940751328336
505,0.029073095232710254,0.0013732417159113422
506,0.041039266853022074,0.00404864563558648
507,0.035096394130002664,0.002328789875308004
508,0.02794910286796326,0.0012118301803999657
509,0.04021005206921378,0.0035737766377649696
510,0.04273986224563118,0.005136708050588943
511,0.021763843906693357,0.0005331461607068743
512,0.034333893789218854,0.0021623447457566527
513,0.021858489895066852,0.0005817852952488161
514,0.04128441080929701,0.004449496390156942
515,0.020598589184768083,0.0004602327431803108
516,0.021236199172942057,0.00048736819001720175
517,0.04590114701263967,0.008441921015296375
518,0.021917853665563446,0.0005664467643622475
519,0.022673544219637687,0.0006479732665598325
520,0.0321249507250859,0.0018030443298045933
521,0.02946783674976449,0.0014080049249019075
522,0.02203219562628829,0.0005798430097566304
523,0.0428114393083219,0.005158645352606259
524,0.044099475961453784,0.005908581214697498
525,0.01730959820021118,0.00030918210565323987
526,0.03791293284626005,0.003014469753940834
527,0.04193561295121616,0.00473645891575087
528,0.02356673533577936,0.0006946749058472991
529,0.041413928140289324,0.004521077483990862
530,0.022537645705270747,0.0006311484479087777
531,0.029191444619716254,0.0013668359014110836
532,0.04495690241811607,0.00726242786913856
533,0.04034886987830974,0.003943175560390049
534,0.032069480352414054,0.0017991316593221032
535,0.022758367269949564,0.000622931998727739
536,0.018615754505937464,0.0003707522307969311
537,0.024465854868093915,0.0008043228334452117
538,0.01955452697539252,0.00040494502329447115
539,0.03892360729348016,0.003230584260617219
540,0.04301825515217662,0.005497905399990194
541,0.01762270623743795,0.0003212011866107035
542,0.022086683903684512,0.0005962283819164213
543,0.03332944759555506,0.0020624641693220563
544,0.02047119127081471,0.00045245560282607377
545,0.0333095671790562,0.001977943894527477
546,0.033795272011996065,0.0020583164480876474
547,0.03393288120067148,0.002130967757138919
548,0.031769301060756594,0.0017535469592789524
549,0.02746642987606361,0.001155435586587214
550,0.02665153458750109,0.0010536860903669514
551,0.026655631609321856,0.0010393530052861689
552,0.04202573312783461,0.004571826757146689
553,0.02914453164887244,0.0013557994536363364
554,0.04188688472709203,0.004538311675251604
555,0.028209434101570598,0.001210156698769627
556,0.026150984886141423,0.001002532685155455
557,0.027444122000769407,0.0011543128733614066
558,0.027883658043239168,0.0011867094056174556
559,0.03317314406124218,0.001959880464510015
560,0.015769891505657604,0.00027253918548397673
561,0.04078139250724441,0.004036434954795414
562,0.028682010303753253,0.001215597949963464
563,0.03406980612075895,0.0021199174236664884
564,0.0353828402851622,0.0024879628351971157
565,0.024887446436185158,0.0008302167374323919
566,0.02485784541307874,0.000829015646689955
567,0.031166684947220094,0.0016677142184163653
568,0.024293752352626118,0.0007320157546546588
569,0.02612433935157466,0.0009604847397545204
570,0.029685298808635314,0.0014070739275912226
571,0.02974748246918159,0.0014309341686377182
572,0.0277662631488796,0.001157359005991754
573,0.04526216682699709,0.007309638292593977
574,0.041590802205283786,0.0045339085345956175
575,0.04034558055767651,0.003787938753098857
576,0.04417284346480504,0.006271846560990698
577,0.01718106506717804,0.00030753911327253736
578,0.025750118730858584,0.0009263179885749907
579,0.04152320868011151,0.004410884943621146
580,0.025597208488132104,0.0009007098250511399
581,0.025853284274447042,0.0009063766440908808
582,0.028057176432233974,0.0011928473773325495
583,0.036751634824239814,0.002746978018771699
584,0.030085195683108693,0.001443784349382137
585,0.031933111336992864,0.0017111931975420534
586,0.016679295702910206,0.0002983191224630251
587,0.04436272334311977,0.006577728716417614
588,0.045580752086466,0.008170083123568726
589,0.035940938680892855,0.0025340144500950613
590,0.02138100780697225,0.0005158962466700895
591,0.018861439383789463,0.00037532165449062085
592,0.04486596516406372,0.006617419827106734
593,0.0327470225049118,0.0018988480358279743
594,0.04349420421894681,0.005903035328559677
595,0.018884998368467434,0.00036665855475681385
596,0.037629986389749646,0.0029911095710010304
597,0.03194254407851433,0.0017326317785687467
598,0.02808189816890857,0.0011949772557895023
599,0.0407019019147884,0.004033675576981033
600,0.04270997435041705,0.005114464119943774
601,0.03470460743006382,0.0023141991063543588
602,0.029733982448639472,0.001387817299570889
603,0.019735666694850645,0.0004183291194528919
604,0.04422843060911012,0.006299512173543826
605,0.03014672505653231,0.0014628552892466868
606,0.019945014604298778,0.0004187107336350485
607,0.03893100524752421,0.0031898452817679746
608,0.04583319274344674,0.008089095302279714
609,0.03640930983207023,0.002695271658985339
610,0.027514005341138695,0.0011198874137462091
611,0.032780653894993135,0.001888582658157779
612,0.03361261318667616,0.0019723353499505937
613,0.022192606367755628,0.0006000302128317957
614,0.03208429498633264,0.0017202449866637758
615,0.03678829837893027,0.0027702624662942254
616,0.04288071090753807,0.005336987533178073
617,0.029857471755579516,0.0014320403396559215
618,0.04156631478189878,0.004254256781343012
619,0.02986380624407204,0.0014396611657012067
620,0.027179170761619492,0.0010767926098638333
621,0.02428551004704972,0.000728353261382608
622,0.03739123016019298,0.0028692243447926277
623,0.026425524095030562,0.0009947565012906549
624,0.0430118571271486,0.005398490225775389
625,0.02492166073659997,0.0008360204589508579
626,0.043350389966422195,0.005658459316741037
627,0.022980221482938046,0.0006684724815186417
628,0.03296851839932403,0.0019235495256754193
629,0.021910371654450703,0.0005568167539255108
630,0.026583266620279048,0.0010314136376472806
631,0.028810293093152913,0.001291288472804189
632,0.018022805847392527,0.00031013254460846517
633,0.035280287314078375,0.002418077069633588
634,0.017903196921006316,0.00030748008743425575
635,0.026273043277642325,0.0009735928369319494
636,0.01908742445095446,0.0003835082851383439
637,0.028011431464566774,0.0011787303000622108
638,0.03541728365676082,0.0024740031818468074
639,0.018285141102631425,0.00035422979230752586
640,0.0186829017785273,0.00035559940709184245
641,0.04311859807182334,0.005547901844769944
642,0.040555778120208975,0.004023558745331372
643,0.023843292757665804,0.0007269800635757385
644,0.045948636134633826,0.009301809457543383
645,0.035320509084463395,0.002441632514315557
646,0.023161611360156202,0.0006719663806821159
647,0.028737123061033095,0.0012841589281446426
648,0.03533798123362357,0.0024609096207196327
649,0.027201036693146007,0.00106624930468875
650,0.040537376556302775,0.003908998547420849
651,0.035482571372081315,0.0024793026044360855
652,0.043851238193432916,0.005893523011235135
653,0.02500409274895363,0.000848021958332153
654,0.022940845061816168,0.0006346232568373328
655,0.03259375801591044,0.0018533532197882615
656,0.041873394301762214,0.004481341244764812
657,0.027563812332567945,0.001135019999437178
658,0.03400427203898694,0.0021108553056247478
659,0.02663434336966782,0.001038662309553793
660,0.031168624929221456,0.0016727246019328597
661,0.022395961969424227,0.0006209077052022622
662,0.027817037156557277,0.00116727436210203
663,0.03802539086286838,0.003037398145116357
664,0.029241577245807,0.001375632494390194
665,0.04313882278928212,0.005425991013599725
666,0.026523433114111754,0.0009939032350600116
667,0.019685174412254747,0.0004073774264617761
668,0.02208090626518574,0.0005753886408168472
669,0.04289846982458881,0.004835444267611485
670,0.03218668024001048,0.0017550324548165136
671,0.031221839010282228,0.0016662633150805637
672,0.028726612151104433,0.0012531046969826449
673,0.04648216085173888,0.009860749904620882
674,0.02448864785626603,0.0007878632296098924
675,0.03609078614596173,0.0025770275801170503
676,0.036781271183738376,0.0027262208526470464
677,0.018846591099728693,0.00035473268731407145
678,0.02809673395176733,0.0011417254181062156
679,0.03758757085079097,0.0029506019206263162
680,0.022706245246571177,0.0006158490519873146
681,0.04206866731418354,0.004631968845744617
682,0.02596918541609908,0.0009302201535595131
683,0.02057797377489261,0.000456603234980295
684,0.028482904989431596,0.0012154367775817408
685,0.024873308649083794,0.0008294198120242008
686,0.03163041231613691,0.0016264883761834361
687,0.038365009586092125,0.003139520868778803
688,0.018525063331174325,0.0003539549376997009
689,0.019923412022729136,0.0004185396785777935
690,0.040243301845843266,0.003732377258828789
691,0.01825278209165646,0.00034122830205305906
692,0.03468123683213468,0.002278357413672504
693,0.04382132966462077,0.005873698619084016
694,0.026652016544217897,0.0010320777140484351
695,0.024483490153859623,0.0007802504414890099
696,0.04069286400909789,0.0038834721996402755
697,0.0433932752585769,0.0055291464194795826
698,0.021286011795498452,0.0005053829327934102
699,0.02472938620366361,0.0008052873874289973
700,0.026947500502759854,0.0010489114180697492
701,0.02598555162144792,0.0009240522059104646
702,0.02373931259736866,0.000714312390909027
703,0.04615453753951063,0.00924952915353888
704,0.0227140795564336,0.0006144314444974984
705,0.02678503276339661,0.001018868662068389
706,0.02739651529558042,0.0011014056835085074
707,0.018329031038343276,0.0003475951523904718
708,0.03646854966916723,0.0026290233114128546
709,0.024904677365413234,0.0008270368815212723
710,0.04227162213392448,0.004439954375416428
711,0.03580286240228166,0.002505048638927583
712,0.041184220804058556,0.004118843137431841
713,0.026483046981840983,0.0009911395640842136
714,0.0450960618997368,0.007036814441359156
715,0.022963946363780637,0.0006478538501156897
716,0.023394715461353032,0.0006886792852437161
717,0.04621936974017069,0.00961666853012981
718,0.02725508027625981,0.0010916926418731328
719,0.03482390610196921,0.002312944579953661
720,0.023218874274612965,0.0006729100570116577
721,0.04419598598000484,0.006066714222751459
722,0.029748974103259385,0.001388781744735154
723,0.029183151187885698,0.0013242686105745802
724,0.016852411307466366,0.00027001451886732905
725,0.018218117482667422,0.0003250679797327349
726,0.01841246803502455,0.00035248980888594053
727,0.02171553322814417,0.000527340994389929
728,0.021764988432974097,0.0005418897749747199
729,0.029252795951248144,0.0013686374718151909
730,0.029095762314931644,0.0013150256856493403
731,0.0429333200325608,0.0053789484613844165
732,0.01872300957828062,0.00035401152018410304
733,0.03304983999512713,0.0018814967812147288
734,0.04310662823238906,0.005382074246038243
735,0.040357880741975674,0.003689779543946888
736,0.03203463967908137,0.0017111798100229321
737,0.028953875874185537,0.00129026123170543
738,0.02601383482545561,0.0009212435066520498
739,0.03033937756714928,0.0014820503817013892
740,0.027594493878707466,0.0011139785464538512
741,0.029428711361258124,0.001307010543940963
742,0.019897506910162007,0.00041674003985412746
743,0.03554127119440016,0.002485726310136603
744,0.03695158091339459,0.002786555110401668
745,0.0199511064092433,0.000421557354560516
746,0.026424278578937598,0.000988089458726647
747,0.022046476082719493,0.0005560246271346877
748,0.03682591752630232,0.002750783058618585
749,0.019734782237286017,0.0004147095106216676
750,0.025750623962315502,0.0009029477165630507
751,0.025089467259531224,0.0008219241378793018
752,0.028819808987230768,0.0012617307736538187
753,0.03908017881105285,0.003385095367108354
754,0.042906228442027426,0.005285484187818635
755,0.04472430161891119,0.006571711335203548
756,0.023188907845268114,0.0006609149809419801
757,0.022356043499752766,0.0006073562790635603
758,0.032239495267729235,0.0018325445294001764
759,0.03132983474734779,0.001605121485138871
760,0.03260038828131661,0.0018490680212933863
761,0.036678038449492134,0.0027048453649610687
762,0.037142593929329,0.0027963015212291824
763,0.04426828415326611,0.006317173662022085
764,0.034346525221502645,0.0022316984779791145
765,0.0405037232816057,0.0038429576638550978
766,0.021931262282470068,0.0005508213071828106
767,0.02728752728906188,0.001092391687041401
768,0.02204429797528173,0.0005381569753215825
769,0.032278792963439724,0.001820319366244005
770,0.04327603708530085,0.00549765893036534
771,0.0352078573115079,0.0023710022820866094
772,0.04447476513721563,0.006316387207464211
773,0.03717626348152549,0.0028099987366338535
774,0.03530491710532567,0.0024373008770681133
775,0.024578871193510557,0.000783221228035255
776,0.03397480191679023,0.0020808847364137914
777,0.03571848930275877,0.002446444980705698
778,0.023734642956815943,0.0006905689448522557
779,0.028122895415728065,0.0011959014774175888
780,0.045373010209553005,0.007834296778503759
781,0.023047678751462002,0.000648319770175265
782,0.03380123497009035,0.0020774497356692303
783,0.0346608185693804,0.002258215667587409
784,0.04140219837028257,0.004222642084444679
785,0.0251349782348569,0.0008345794104896404
786,0.019334123341588696,0.0003796134733220513
787,0.028125522032872517,0.00119642023169769
788,0.022092058573969696,0.0005894471865270726
789,0.02206523385254454,0.0005526260445355212
790,0.04332877106397949,0.0054081146602623234
791,0.022212981877372483,0.0005931431697571043
792,0.032793618462496045,0.0018735499941755541
793,0.02561982493689962,0.0008821750342336145
794,0.042403357495376784,0.004679495933649732
795,0.04584609037036418,0.008249456183473296
796,0.02701171369884821,0.0010456884765069614
797,0.04372464507923362,0.005735159827224669
798,0.02334124093213902,0.0006368112383757379
799,0.017109369817316287,0.00030292262461417414
800,0.041074205178789805,0.004011045267471149
801,0.03470662681541257,0.0023050471032022837
802,0.015914889793645887,0.00025827500944922274
803,0.033685976497264035,0.002035312697445192
804,0.017429454146406936,0.0003034655667489125
805,0.037080719972653976,0.0027919878344418976
806,0.023920874351672883,0.0007159129454510981
807,0.04066496388398213,0.003847428133857216
808,0.03106277924028492,0.0015955355980106145
809,0.026453668755312403,0.0009671397199290707
810,0.030574888304815324,0.0015538493111442895
811,0.041600429576169315,0.004281088413686255
812,0.02338431670214102,0.0006722720300412471
813,0.03318965167076248,0.0019645704139437817
814,0.023654398454942487,0.0006668854311241958
815,0.02276065562657254,0.0006118699170095039
816,0.04626137993830587,0.008988430422115824
817,0.04083358488649555,0.003782403851495132
818,0.018983188802307045,0.0003742203041408606
819,0.039911609991369355,0.003538070734459947
820,0.036788805401519846,0.002731342983866334
821,0.019550538638430495,0.00040043328114585687
822,0.030350830363239722,0.001496099232733472
823,0.033850043033214185,0.0020456080948295283
824,0.03844455235067198,0.0031522164643769538
825,0.03690603130367314,0.0027686556899162514
826,0.026245801345242622,0.0009655588192299593
827,0.02236908752410701,0.000583221801028413
828,0.029543538379957896,0.0013823055803417197
829,0.021362845635325825,0.000515529205734177
830,0.025532646732155932,0.0008654633340188396
831,0.029027030336907563,0.0012888864676779872
832,0.03241334674288882,0.0018175164630659616
833,0.04298142746003901,0.005343848935602653
834,0.041185833134439055,0.003935408544927818
835,0.03707147467200842,0.0027734823727964264
836,0.042966551131949554,0.005217949447186457
837,0.034053388357074894,0.00209887973656942
838,0.020976715871821913,0.00047167129322099913
839,0.03008626386194004,0.0014626685668131059
840,0.035850914407687805,0.0025289048928364283
841,0.03649530019741544,0.0026168928431690923
842,0.034938615896893954,0.002310344369581655
843,0.024702171670949295,0.00079570596774854
844,0.019846563855836725,0.00040281781097486645
845,0.03373449078810858,0.0020146337695439135
846,0.0212599589624613,0.0005001298779094773
847,0.03469639127867188,0.0022823807575932625
848,0.037689398844991125,0.0029657163202494183
849,0.018396745818839516,0.00034780182312177404
850,0.045477412664263875,0.007816945689861738
851,0.018420310627690253,0.00033564619169988165
852,0.018971589056455233,0.0003646140744856187
853,0.02011365791372699,0.0004240117108844629
854,0.03594789830276816,0.002507973709153809
855,0.03529091611491642,0.0023615476922900997
856,0.03939890630063265,0.003437825920101318
857,0.025346016264382844,0.0008277905520584779
858,0.036425404918386646,0.002592707946419219
859,0.04391137575819523,0.005853399688506902
860,0.03184156959006681,0.0016868427040108223
861,0.04300037801098951,0.005251613282289656
862,0.04414381046729704,0.006037373250180119
863,0.04185995796407038,0.004307341479086942
864,0.030418875639156566,0.0014883312810677132
865,0.0352741851898948,0.0023578152986576295
866,0.027270825756403508,0.0010603843288368355
867,0.03707620744092351,0.0027783310782493057
868,0.02813207910845694,0.0012008391440353225
869,0.03789653081376281,0.0030027471860763983
870,0.02445199367245558,0.0007698372737822121
871,0.045200160998159794,0.007189812147053523
872,0.0462977052339891,0.009253893293435142
873,0.030406292124112718,0.0014817655689962795
874,0.03944246998101922,0.003449202291707684
875,0.028303844149695327,0.0012099910886488336
876,0.039229851447690804,0.0034021724785968693
877,0.02948291442298621,0.001371780370164546
878,0.026906363234580986,0.0010318419680036195
879,0.04403652356662963,0.005861877265998498
880,0.029757210578745728,0.0014022457757987168
881,0.03514668911893787,0.002339985657753404
882,0.03461570768813901,0.0021681759434397543
883,0.041883888800900756,0.004426816194016306
884,0.04341109236791399,0.005536034665496127
885,0.029928255497847916,0.0014152006804252766
886,0.04522575514568663,0.007196210405797284
887,0.02962644805334875,0.0013211158442574776
888,0.03221556979516279,0.0018044318599489302
889,0.03540440077301163,0.0024077189953942537
890,0.03320127665497869,0.0019703629412224227
891,0.01813696788544862,0.0003194756282099324
892,0.03555283995204863,0.0024401281259530247
893,0.02845359003941231,0.0012116995790416357
894,0.034981755693296986,0.002235987487359903
895,0.039088901333206645,0.003391163114158677
896,0.027379832304556737,0.001078562710236307
897,0.03407936702445385,0.0021549738114913604
898,0.03051923127108109,0.0015374169750813837
899,0.026978783867090832,0.0010397715170976994
900,0.04175303982096064,0.004289829105962112
901,0.03662992089263961,0.002668234209750485
902,0.04051232857780751,0.003751519524957402
903,0.036181276082400515,0.002569916008482735
904,0.038224385456093676,0.0031071781538293147
905,0.04607506296180591,0.008537972941627229
906,0.022386808610119848,0.0006100529084964685
907,0.03020267296829381,0.0014759445099074271
908,0.027797445317520122,0.001116732763541844
909,0.039096027776867,0.003373823041955871
910,0.037855562779665224,0.002951273104990186
911,0.02973201522473079,0.0013820255866814526
912,0.02636141740755783,0.0009566843545662739
913,0.03136542961532621,0.0016018643929944856
914,0.030616568124053164,0.0015144335437411015
915,0.03922780563612689,0.0033773717728212208
916,0.04245099710654111,0.004676625239504778
917,0.043081269879618196,0.005294847164859455
918,0.03826656586430184,0.0031394773582441356
919,0.02217268476393786,0.0005711402158006876
920,0.044371592250842466,0.006080629952512801
921,0.022228816778206387,0.000569906155597853
922,0.041525904863561384,0.004252922344238368
923,0.037724500691189065,0.002938935715401392
924,0.029833113502996073,0.0014150324045317717
925,0.04319368278838914,0.005206748238259039
926,0.03930791309858405,0.0033381127125791357
927,0.026685343564010446,0.0010104793780445268
928,0.04142889535412931,0.004173062007046163
929,0.04335429076852292,0.005460816922865733
930,0.04162513603649497,0.004168570332221021
931,0.040335937463425474,0.0036663513355863772
932,0.03248198315295832,0.0018017590866871399
933,0.022809767287707238,0.0006162301149807963
934,0.022916341791979666,0.0006317142652129423
935,0.026541653404395415,0.001008950896516051
936,0.03142125019816122,0.0016261976327628543
937,0.046214641071970944,0.008719600627281986
938,0.039893449097410216,0.003447493133007246
939,0.029859616362637755,0.0014137820731049435
940,0.03997696751487936,0.0035618130360017294
941,0.02127242771689157,0.0004995603084950931
942,0.03543007677256004,0.0023789956751782224
943,0.026029485357671193,0.0009562971706448829
944,0.03311860880414217,0.001922995020362666
945,0.026809150621771968,0.0010208447691379245
946,0.019489321682923298,0.00039849408764310214
947,0.038254901948144585,0.002994526795225671
948,0.036752402383594056,0.0026637673236224544
949,0.04366125254174847,0.005734434044455674
950,0.023000021244726197,0.0006211917063710679
951,0.03088776853741184,0.001549318552917146
952,0.03858735003213857,0.0031661298393200533
953,0.04542699602936278,0.007796109014243997
954,0.04589630239131835,0.00823138955416175
955,0.01721466581497887,0.00029803435072767946
956,0.01704949800931589,0.00029082347960071386
957,0.032889196217134514,0.0018656989735301652
958,0.028293708733170032,0.0011892235079178025
959,0.021688515241389695,0.0005236246269858244
960,0.027612722313303167,0.00110644161134024
961,0.030851343392836576,0.0015253801984493871
962,0.030940468768717564,0.0015943561088640763
963,0.03806301999072989,0.0029866053352122376
964,0.02217308702691786,0.0005644390526554292
965,0.019015209821669193,0.000349233059962274
966,0.044191828129049114,0.006049415289237527
967,0.026315863053596376,0.0009452909295491755
968,0.045487538069084246,0.007920376351001415
969,0.03599474037463534,0.0025464078203974276
970,0.036130885369402475,0.0025613958381182304
971,0.021579437053552735,0.0005107635639027083
972,0.03942274006906408,0.003443343930797292
973,0.021275664912396325,0.0005045241388447787
974,0.024649201142551307,0.0007803100335607813
975,0.029995554534886216,0.0014363687764514265
976,0.038413198251460064,0.00312426141253773
977,0.027885073560812025,0.0011357243671770577
978,0.040505774116323945,0.0037055709089488416
979,0.04325973022690276,0.005368073089200589
980,0.04125241467510743,0.004135445482062236
981,0.035439739275798916,0.0023893584324505054
982,0.01877481918785871,0.00034107007676090483
983,0.03963434948468008,0.00341235362023728
984,0.026810881092579508,0.0009914677770770637
985,0.045023270964476114,0.006683908495219712
986,0.045292619785918836,0.007386975106452621
987,0.04126724260184965,0.0041554481663148785
988,0.027258608989295077,0.001036650986443728
989,0.03503189754624653,0.002307778505799225
990,0.03042059244008787,0.0014970556858620637
991,0.024341657043100363,0.0007397176812456561
992,0.04555855455268282,0.007829522374196428
993,0.02963035405167357,0.0013767576986172584
994,0.01995876851728956,0.0004235350175317625
995,0.037441136827287225,0.00293717308213298
996,0.022382980363096036,0.0006033336501830487
997,0.02998816530847402,0.001420473971450327
998,0.02750093144665215,0.0010899145627158466
999,0.036970150570864356,0.0027320424495602437
1000,0.025404863476138354,0.0008598203023589676
1001,0.03470275278516156,0.0022249751788566002
1002,0.04111356630273705,0.0038828723959147614
1003,0.027466334320333886,0.001082561339255987
1004,0.02150420463508343,0.0005039680377072924
1005,0.024183304673862843,0.0007251397105818986
1006,0.045857813656242336,0.007816091410968078
1007,0.03232688413516162,0.001794628687961429
1008,0.01992694659320929,0.0004150371384425001
1009,0.03220201902805172,0.001790809819006485
1010,0.02060284406795352,0.00046685002220236575
1011,0.034352591306542085,0.00215734547958939
1012,0.031171182795231983,0.001560068323572564
1013,0.04547204174521206,0.007800750083567409
1014,0.0164616090914732,0.00025531449009855275
1015,0.019057051812898074,0.0003767461864673531
1016,0.03611697581647953,0.002484410493315164
1017,0.034060025394056885,0.0021139818662638415
1018,0.04524709559442363,0.007119099766013568
1019,0.03711614601156147,0.00278162405541712
1020,0.01753353043289823,0.00030581369765775936
1021,0.02986259993406159,0.0014076426125946863
1022,0.020669668851220447,0.00045955317321305633
1023,0.025709569004657325,0.0008980347176554937
1024,0.020193958698508714,0.00042473705454884597
1025,0.04073936635244986,0.0037483045010144518
1026,0.033286252630875916,0.001971516770669646
1027,0.0366471839826665,0.002659283862387574
1028,0.019573155709217856,0.00038823734176208206
1029,0.04649409476753747,0.009787453429031756
1030,0.035479422249986264,0.0023339969001875674
1031,0.02021235449386865,0.0004165242783174025
1032,0.030506507141730543,0.0014823216040882464
1033,0.0375684565779044,0.002931047222517349
1034,0.04304193576576679,0.005142433067959171
1035,0.023798853491255666,0.000711351306053408
1036,0.043976043632083475,0.005826071004578346
1037,0.03720693298078322,0.0027988232567993333
1038,0.027511748242369485,0.0010703654946444166
1039,0.03254236947141798,0.0018298026701443339
1040,0.037669933752397584,0.0029036447133061498
1041,0.04302154747409492,0.005139971145503838
1042,0.03319808840170034,0.0019634428579899136
1043,0.03315935576048367,0.0019053698174412278
1044,0.04052927559525894,0.003727760187477762
1045,0.030150978803809018,0.001461526029782078
1046,0.04451767474699317,0.0063617326251811405
1047,0.03918898620589115,0.00330558681854497
1048,0.020544902013926183,0.00043787194084879194
1049,0.020057461137008323,0.00041157692868187996
1050,0.028874597372500102,0.001275493306652952
1051,0.029757011188593273,0.001400076518406594
1052,0.041307621949887095,0.004134382255799926
1053,0.04541364918608036,0.007092137803245174
1054,0.042976079501491425,0.005020016901698971
1055,0.023022353956107397,0.0006350347053009896
1056,0.025464674334258967,0.000858309127382083
1057,0.02237001242825474,0.0005976981516567537
1058,0.017918433726447684,0.0003012451128244083
1059,0.028999539592672298,0.0012470177963831374
1060,0.04330897840889391,0.005360263745699061
1061,0.0356888884062264,0.002432012897711824
1062,0.039023500308254834,0.0032137855798965095
1063,0.02702582047647182,0.0010324759016613352
1064,0.044520397030882716,0.006456472869863411
1065,0.0320864682464803,0.0017326821503898064
1066,0.043362557866489,0.005505348526503538
1067,0.020618630223618054,0.0004531618062016492
1068,0.044522906068702794,0.00648972624403986
1069,0.04488762928190441,0.006572189191554119
1070,0.017291506151878275,0.00028959045891750713
1071,0.03223838213707272,0.0017693288343439786
1072,0.027857253910757405,0.001094384572188736
1073,0.0357272875994894,0.002459398191978363
1074,0.038305970386077075,0.0031045283532150744
1075,0.021553701911594222,0.0005099357366422703
1076,0.03847324759152103,0.0030691554898077938
1077,0.036860857077252264,0.002706678699076106
1078,0.024190592202266874,0.000725695369527535
1079,0.03800351675772949,0.002959726853564689
1080,0.0199583232683802,0.0003983724875784545
1081,0.017399143786474516,0.00029905613273913367
1082,0.0296340704804861,0.0013596500408212743
1083,0.028806773051429514,0.0012366739716717684
1084,0.03070300612337209,0.001515826304083156
1085,0.023398914686795686,0.0006654084594894639
1086,0.03204524925717798,0.0017116348048706175
1087,0.041864898363806156,0.0043558645642189755
1088,0.04420701731745042,0.005846442944141661
1089,0.022451703325719056,0.0006088148558252552
1090,0.04238564683338974,0.004608506711594411
1091,0.02904476334328196,0.0012801601960106639
1092,0.03410242480209046,0.0021286775572452277
1093,0.019517456964042362,0.00037119046867718807
1094,0.04090573676518713,0.0038718715921713114
1095,0.045868783038652425,0.008095572515955423
1096,0.03249043135040546,0.0018222446695870416
1097,0.036549874531710796,0.0026501749553123535
1098,0.019241430339839376,0.00036849440943293143
1099,0.030262519798669087,0.0014804105428209027
1100,0.04256325821214596,0.004741389090377228
1101,0.018464703387364625,0.0003293373085865493
1102,0.03788892985232518,0.002904579218191919
1103,0.04271376560345317,0.0047814148079366025
1104,0.04333150056501428,0.005325816310794282
1105,0.02706955960201765,0.001034082987718135
1106,0.02431138593935979,0.0007316280798586507
1107,0.028920413281110925,0.0012385446324683403
1108,0.026949158375785806,0.0010103604156400943
1109,0.03510531187736038,0.0023040077890260384
1110,0.022382918156865026,0.0005798565547693618
1111,0.019061857792586415,0.00036438404650289484
1112,0.021188588352345536,0.00048603149040937104
1113,0.016469613645953972,0.0002650587554471532
1114,0.043568203787982845,0.005634774592045614
1115,0.026519260031602262,0.0009711366847116743
