,0,1
0,0.05345419528125562,0.0075211072025621675
1,0.05789841051958261,0.006645196731761126
2,0.06639234104755093,0.007770525177681226
3,0.05330476301489632,0.005059672689540583
4,0.045283669250872044,0.002513300502131508
5,0.05889377449456901,0.006140068155842698
6,0.04646844192756823,0.004900709618928494
7,0.045874214163885964,0.004355584516041974
8,0.054624605652336025,0.004590087906689333
9,0.06421778882398389,0.006633333330717322
10,0.06850954836086603,0.009893282132892025
11,0.05823645535424657,0.005492358607216187
12,0.05552077299601698,0.005079950031818368
13,0.05971964300784695,0.003911596931927026
14,0.045835260027800265,0.003162368997718976
15,0.04894305739251892,0.003507797096371316
16,0.06969646636707405,0.007949582484345318
17,0.04994373807041528,0.0039081022328128585
18,0.05261797339046465,0.0036970755566298804
19,0.0480117894371734,0.0034205483104222177
20,0.049830558304197824,0.0036457169321103744
21,0.060966106621927585,0.006535064172711814
22,0.05384714021071277,0.0029951617377659526
23,0.04121049190068228,0.002240013752067936
24,0.06060459396379987,0.005328205548121469
25,0.04621054609277143,0.0020537731080945212
26,0.06455960589081311,0.0069460258927702394
27,0.06555435414237586,0.0074113829215018655
28,0.06087645182205065,0.005629691010584042
29,0.054499543830571075,0.0034987596513065358
30,0.0469025573043909,0.0021226175707839065
31,0.06115783870920817,0.006086580130690884
32,0.06119607957766024,0.0065805643509555135
33,0.06394879925365525,0.005842648657954089
34,0.04927289669509877,0.002869299407497881
35,0.06537590481599342,0.005310203304006406
36,0.061379919758391084,0.003915436370670702
37,0.06974917307940784,0.006774657112094955
38,0.05876983276391097,0.0038290983854962868
39,0.05430122526160733,0.0030154133365502033
40,0.036890311938291766,0.001588433812837439
41,0.055752225894101955,0.0037789916517547884
42,0.030000559493889967,0.0015705139653185152
43,0.06196145030877278,0.005309078081187637
44,0.04434040679894621,0.0016836767746790731
45,0.04746367883950006,0.002433193052053245
46,0.05745627576635422,0.00371912619068021
47,0.07208492950186227,0.010287934693763675
48,0.04476474790547154,0.0018743190458445297
49,0.07031924945020182,0.0063108100541728555
50,0.06572046998618992,0.005318701790704328
51,0.04965591784230191,0.0023295939794767215
52,0.0729118089036242,0.00878756940122033
53,0.05517040383807887,0.0034559337805608577
54,0.05747349919142322,0.0036363453256880694
55,0.05340678111134503,0.0029241500634206684
56,0.06150398080666227,0.00528442826521693
57,0.06384593791365258,0.0050790436895469466
58,0.0525114962501269,0.0028241438915600748
59,0.06205919014729223,0.0044165515836739975
60,0.07108476393015638,0.008639488858457573
61,0.03367282040718107,0.0011979311152157275
62,0.057751312286552524,0.0037449146100775213
63,0.04658909349600058,0.0017820428726100417
64,0.05985544447556991,0.002476062434182829
65,0.06253869854922048,0.003902811660900395
66,0.0681731360205926,0.005717803140474325
67,0.06757701357141463,0.005641426569311036
68,0.06749779676583724,0.005536824029969714
69,0.07447760148211467,0.010908642187106094
70,0.06241576897081512,0.003816245080331074
71,0.04236660423196356,0.0015724852730435582
72,0.05937104292316443,0.002193970915412452
73,0.07039331406830325,0.008391053718883323
74,0.03535582709973732,0.001540590538593375
75,0.06279260757592836,0.00500029677695712
76,0.06397288340362275,0.00492011513585728
77,0.06321824366744638,0.004717983460120987
78,0.07156585729163996,0.0068844097744608646
79,0.06360288589079148,0.004009267837169196
80,0.07260697476004653,0.008502160766720406
81,0.061526429415437955,0.0035056737920670642
82,0.053855795959429506,0.002169396832091797
83,0.06183793153948072,0.003665430947442446
84,0.037443894383881876,0.0014238064664972684
85,0.06591880247785142,0.004911649523084709
86,0.06056754813319884,0.003252027719006083
87,0.066109271986612,0.005408027693388808
88,0.05054029005752465,0.0019827057492442096
89,0.06148265182770121,0.0024263562967738023
90,0.07231859113984358,0.007529008164058341
91,0.07214097302709266,0.007031159054505623
92,0.07302150095391333,0.007325155865545569
93,0.07465629046358681,0.007116339828801765
94,0.071024817034438,0.006801914399520044
95,0.06376051134124884,0.004767365933716477
96,0.04868802187542425,0.001863876932557333
97,0.07711146431236948,0.01342684781002689
98,0.0640415901735865,0.004618644438559219
99,0.03784863032078249,0.0014086827033489436
100,0.07532217026474987,0.009364377740585326
101,0.036682168202978045,0.0013622820623919627
102,0.07477019897995744,0.007988489209591398
103,0.06901350686035253,0.005069771036560563
104,0.07618001019239212,0.009918624213432667
105,0.05703111986991342,0.002146346662241444
106,0.06826641192435959,0.004559545346473025
107,0.03908026468587951,0.0013305357925438434
108,0.07833802631899225,0.009192766708728184
109,0.05205154383515064,0.0019713949757306165
110,0.07041231017544218,0.0061594865817327996
111,0.04189775249601762,0.0009404430970383299
112,0.04442055978812487,0.0017180171187122513
113,0.07488020294175593,0.008292399301883907
114,0.07483355771876467,0.008274652566038935
115,0.04790099477942773,0.0018349889723800034
116,0.05443953096977279,0.0020857912584415204
117,0.049101452025117356,0.0019500024080068253
118,0.04327609348285233,0.0015851539621753136
119,0.06926966541394965,0.006120486777682215
120,0.06525771406732622,0.004464793293559443
121,0.061862015692177835,0.0027926508072433267
122,0.04417956422160788,0.001558177181514076
123,0.06461106102387405,0.004421139107427685
124,0.06586999939277224,0.004356934726542025
125,0.04354010364544638,0.0014943045893389111
126,0.06718429246514208,0.004541801722924609
127,0.045748490243612494,0.0015956221910901343
128,0.07332697536790253,0.00665964320590482
129,0.04987309064000906,0.0019299308804955292
130,0.0705686808594028,0.00567002311628488
131,0.06230592972026576,0.00365857509245686
132,0.06840619892337602,0.004680902193374308
133,0.04305495865235046,0.00119049903036026
134,0.06225766006153485,0.003116152554010706
135,0.0511306636746613,0.0018504450038667143
136,0.030880694038901858,0.000910121406840756
137,0.054869614333884986,0.001942624668361533
138,0.05661544138216415,0.0020814963093613325
139,0.07371294599489901,0.006221270303389119
140,0.050013277973592306,0.0017320996529390986
141,0.06305215787601696,0.0038390643546950863
142,0.07553145796063493,0.008672235092140476
143,0.06504155343238555,0.004281984548735353
144,0.06593512859328107,0.004121196702463273
145,0.032461313045301,0.0006781789465172294
146,0.0447902927969301,0.0013894903887990801
147,0.045585747680631526,0.001577803029043446
148,0.051278852945339515,0.0017075979275133976
149,0.06976756961383504,0.003840413977763665
150,0.05702922271440103,0.0017514961582820998
151,0.044318249011312885,0.0013688497082626316
152,0.043455683855212444,0.0013088707047157252
153,0.047379506683737575,0.0016189444863839166
154,0.04900184625719331,0.001638432700167355
155,0.0699275813397767,0.00430181342330057
156,0.07514385395648437,0.008541331131746084
157,0.025259953654447193,0.0006102371187350141
158,0.062491368810569686,0.003806987700394672
159,0.07127139196269357,0.005337893128746807
160,0.06476491949577311,0.002558210095694587
161,0.08036212985636446,0.013432731309757735
162,0.04220160353056684,0.001074782949518385
163,0.07638315600753208,0.008929492522027481
164,0.042665177224046676,0.0011613376298313474
165,0.07522676239929277,0.008389221132443479
166,0.07670112862639113,0.008864872312543721
167,0.0703761902201826,0.00496027907153995
168,0.048349146993054856,0.0016175937745373614
169,0.045139480367310775,0.0013877375630785799
170,0.04383632044306144,0.0012590401144962728
171,0.04682799614501839,0.0014491335775790575
172,0.06744791703983284,0.003499086278767566
173,0.04613709185761038,0.0014439825645078132
174,0.07214985148190181,0.005628238879724492
175,0.04357274276312277,0.001112496263727434
176,0.07743634711360663,0.007998453203603017
177,0.05189346174693658,0.0014615230640134017
178,0.07077775653285504,0.00496423118912653
179,0.04632208102185216,0.0012453864128540136
180,0.07955318742244377,0.010665312466970361
181,0.07261244725715207,0.0052469055721312795
182,0.047554536634166145,0.0014292829001576245
183,0.07979067598245919,0.009338751065027413
184,0.03455797586044118,0.0007540988346771928
185,0.050755306201070646,0.0014453719708383101
186,0.025455604167686562,0.00047454112030592753
187,0.04646488090782213,0.0013190480273227855
188,0.08094661709541628,0.0113950046865008
189,0.0383925871792556,0.0008538463686431453
190,0.047035972612960865,0.001400280957607171
191,0.04650423734624118,0.001392282094579418
192,0.07764297763589119,0.008372633426421739
193,0.05482369357432333,0.0015119159476262654
194,0.0593986456681815,0.0021666266005297445
195,0.053197996679507635,0.0011341103170022233
196,0.08014284594279068,0.008151106962851878
197,0.0285664973883625,0.0004864360286901801
198,0.07489965758912559,0.006658477593124707
199,0.046401422740756974,0.001126706547706272
200,0.07368948176017177,0.005401630109119044
201,0.07457917076323899,0.00661048852155601
202,0.07564284035074918,0.006318531174264315
203,0.031001098002298916,0.00048407971062646175
204,0.08129932301265387,0.011712746727989644
205,0.07718502771885882,0.007466966387577843
206,0.08372608056933552,0.01024826415104335
207,0.05747635840577095,0.001998354007617284
208,0.0701565680107839,0.004567185746400612
209,0.07567888417754332,0.00719098840548649
210,0.03507490579440931,0.0005762891867910145
211,0.07049620888320296,0.004859939478733242
212,0.07500914183717176,0.0054451050974768005
213,0.07587526064333215,0.007098680093721924
214,0.07814190000516591,0.007842163819305538
215,0.046201603370998455,0.0011079510350978509
216,0.08392672718723405,0.010200206867482034
217,0.0840005123077537,0.011751273395151175
218,0.058156249481751986,0.002125226376614339
219,0.0662161203138249,0.003430218771419568
220,0.03310406622035613,0.0005549052726191829
221,0.07020734278634734,0.004639564388690269
222,0.07010543492392377,0.004138612802795379
223,0.07573187149042006,0.006909607670866803
224,0.05945119007160806,0.0023217599963806495
225,0.07617880434229166,0.007153716512371663
226,0.06530582189499594,0.0032662810774382405
227,0.02486411755487159,0.00043435731433225376
228,0.0815705322176774,0.009111571497381208
229,0.07762453736757113,0.0070862018615034305
230,0.07720146867024116,0.006547235601436267
231,0.07723638024141348,0.00706684725193212
232,0.04082756131911563,0.0009358685159838592
233,0.04315474313898716,0.0009619934859356103
234,0.07373489995971917,0.00532909341969218
235,0.03956052022535449,0.0008447076636203577
236,0.04417125311975771,0.001084159998932427
237,0.05748263389678655,0.0020700303381254825
238,0.030467042893754237,0.00045740365390852596
239,0.06789882961289488,0.003839298127758656
240,0.021879091058734545,0.00040357517226068053
241,0.08142436199154275,0.00869458148049254
242,0.07204955183330257,0.0050438414663125045
243,0.06478038837458264,0.0028288400326527663
244,0.041777853588664496,0.0008972675419600965
245,0.07348402416324319,0.005257853318722903
246,0.08153277901131616,0.00896111065883167
247,0.07760707010637083,0.007023585291604064
248,0.04265311442324958,0.0008652302594504193
249,0.06493901403237767,0.003015380153818686
250,0.05992754790534858,0.002384597394697272
251,0.07614546027275793,0.006258339010053427
252,0.03521094152742081,0.0008013207316365529
253,0.07109035128568995,0.0047817541738586645
254,0.06629771851740907,0.0031125170400706816
255,0.03675668354566704,0.0006914273437333776
256,0.06765158311346084,0.003560091780913642
257,0.03738906350909623,0.0008327813056721281
258,0.07804333923884904,0.007024373590244391
259,0.05727572471024782,0.0017267418287170008
260,0.03698665468070058,0.0007801570315556813
261,0.08194008221456506,0.00913160474392289
262,0.050843416394266816,0.0011257321519947535
263,0.05833631851652117,0.001905589101506111
264,0.05350994049093568,0.001495452266722808
265,0.04540022973386707,0.0010747840981468648
266,0.05889054854407866,0.002161857766055297
267,0.03818052748049357,0.0007911003063763089
268,0.03965396132749788,0.0007627355458650416
269,0.04138750634695372,0.0008190819571671791
270,0.044159474121267236,0.0010457216942830244
271,0.07702947226952879,0.006017187777531205
272,0.0630621385568437,0.0025390038841163177
273,0.036217266154720706,0.0006839090187799611
274,0.055200046646526515,0.001478733000875898
275,0.0433230396295758,0.0008331512894623508
276,0.06807057029879678,0.0037656935625461087
277,0.06173454615314696,0.0025220852501408163
278,0.060972383419659326,0.0022040052952549028
279,0.07205479196374277,0.005089341481499569
280,0.0793407371155336,0.008115658442650907
281,0.04897691080793045,0.0009835383136999293
282,0.06758454186303353,0.0030995596984443622
283,0.0702367586073908,0.004741842885012993
284,0.05941886698586954,0.00207164289705096
285,0.03261191205771262,0.0005346580001609852
286,0.07050656990897858,0.004168524734348303
287,0.07261739618455232,0.004462011538402924
288,0.05779525249724382,0.00176200757492661
289,0.06045513488307968,0.002054109883302869
290,0.08456241803135643,0.010195584577308776
291,0.0707726190377246,0.004400423762900042
292,0.07565243761288697,0.0059848943901373575
293,0.08485833017821093,0.010342942106150721
294,0.07837293236963437,0.007637048520679616
295,0.071600562971728,0.004318216675393262
296,0.043859316403820986,0.0008691905212436179
297,0.06493392459890787,0.0026282375811788245
298,0.0736627263222904,0.005204102320427965
299,0.065400793746093,0.0030695098257660695
300,0.044417360918058944,0.00090948478514318
301,0.039845719562488294,0.0007826627652662
302,0.06048961430963132,0.0019059806520590494
303,0.056710118243536944,0.0015201430919984274
304,0.0784202210884841,0.007501276687279389
305,0.0685349329096696,0.0036814897772538217
306,0.054589085400824786,0.00145695351675774
307,0.05327850020278919,0.001336545816642077
308,0.08470711444711701,0.00939530346671015
309,0.0645161363618389,0.00241550904059831
310,0.07866308320585948,0.007486963140110505
311,0.05398905923289235,0.001390714644044357
312,0.06155727189180192,0.00199979374833655
313,0.044398238243361664,0.0008689643736299156
314,0.08059395331355837,0.00853280912477433
315,0.05498302640417112,0.001400621583307904
316,0.06224662284579798,0.0022623809763151425
317,0.049856697373975654,0.0010976016797357292
318,0.07385342918590686,0.0054186306207116555
319,0.06607386003289908,0.002495357518160026
320,0.07031351260659177,0.003873797073021815
321,0.07537884649090888,0.005295681465470137
322,0.08221045014946614,0.009185900286627649
323,0.025371738932665176,0.0003944949444217334
324,0.08064021709591007,0.00811881697840173
325,0.06912617203241431,0.0035262113006540876
326,0.06245635154716203,0.0023529432980002925
327,0.039245564595436655,0.0007331126238935548
328,0.08114835698610513,0.008199192342591165
329,0.07667728790985645,0.005988714086213419
330,0.07284021393411343,0.004774852252602582
331,0.07769521497580135,0.006356837857311456
332,0.07872752794320248,0.007131569647521765
333,0.045286167147139816,0.0008569111883344489
334,0.04030524895001309,0.000762200899541436
335,0.039324045331291906,0.000746975832045981
336,0.07905118636669643,0.007846230617966818
337,0.04035140933485189,0.0007232856103071154
338,0.07892641275499364,0.007543018966598511
339,0.03525285121648187,0.000494144068915428
340,0.02396573498289148,0.00035560569587005434
341,0.05952307546841267,0.0017147229693773506
342,0.045890781753053875,0.0009207803764222128
343,0.06233566044155899,0.0021380240714927415
344,0.08537517191822767,0.011732494478386885
345,0.05772867456380991,0.001674182886104836
346,0.08262449031479785,0.009192508073433487
347,0.07808956492749461,0.005757130755968971
348,0.03738168906185301,0.0007192267338944986
349,0.0359333983866012,0.0006136440307138512
350,0.07830739593486237,0.006826317352157378
351,0.05100584767527556,0.0011052777259793402
352,0.049351303711683205,0.0010590270549874824
353,0.07907674381164193,0.0070291352067216525
354,0.036399400632644026,0.0006644693188178802
355,0.07303982324402941,0.005009802515295472
356,0.06268281226489862,0.0022333768026581843
357,0.08633951415939388,0.011168832368391925
358,0.07282606495455743,0.004630568369095397
359,0.0791895955998167,0.006726320116855478
360,0.07558262575982413,0.005642256823505043
361,0.07992266247127847,0.008088543732145062
362,0.024310603055979423,0.00039166579259113793
363,0.08069755771557642,0.00814973898771703
364,0.026615760973007076,0.0004313097126860542
365,0.07367950995786968,0.0051028324753223005
366,0.07923497657913228,0.007870523915860397
367,0.0408566653838822,0.0008148411542589304
368,0.05825619320295074,0.0017070371407489754
369,0.07363915946584458,0.0047871816971293436
370,0.06974494638802384,0.0037700623489955913
371,0.08275124371404739,0.008838480262018538
372,0.04465864462410021,0.0008118358144138454
373,0.05339987015219164,0.0013661721735213383
374,0.031801879464858906,0.0004614972850561171
375,0.03119267687978732,0.0004361460609448163
376,0.06645407391210523,0.003091276060997005
377,0.04343067774703036,0.000753149184035255
378,0.04195479217989521,0.0006972246139774171
379,0.024572401989741727,0.0003418472518280663
380,0.03889265830710929,0.0006876294060159323
381,0.02285100760527963,0.00025681912011997314
382,0.06926975002053157,0.003609386615327136
383,0.08259624180324115,0.008646732314870575
384,0.054149485191674576,0.0013174922973171255
385,0.07949524535069263,0.0075758372785898875
386,0.08275386018117231,0.009127852352111868
387,0.08004336388385491,0.008090067348731791
388,0.02371451631508458,0.0002551711949436954
389,0.0693737568687144,0.0032120354844925084
390,0.05900517702170341,0.0015354762862060127
391,0.0800933737312742,0.008076947883135257
392,0.05558887193961361,0.0013459067365915608
393,0.07954621832950928,0.0077645855971463324
394,0.08365120118305736,0.008742661850472976
395,0.08193017785801451,0.00816123193311367
396,0.08119912760779607,0.008136652232231508
397,0.05962001930925789,0.001889369368482869
398,0.04286530732808344,0.0007409585367939713
399,0.08023710702707557,0.007530050614391177
400,0.07211135479104111,0.004095178833679942
401,0.07943302543259453,0.007467522973493794
402,0.059584344339511125,0.0017890587303568833
403,0.0847120815320956,0.010152304592209583
404,0.035669122453634156,0.0005311523890547629
405,0.055891015155370996,0.001507012265505996
406,0.08519097953966825,0.010868754720857642
407,0.03645247141603865,0.0006772749109348283
408,0.04536918547731625,0.0008314122886067266
409,0.059326654878143106,0.001677426548491862
410,0.027630443098814215,0.0004297766755117346
411,0.07440939683042756,0.005170805056445054
412,0.06261503796865399,0.002231711008725336
413,0.07035292868304216,0.0037460069665587077
414,0.07091570211534375,0.00403868231543057
415,0.05328153700237126,0.0011416278971204438
416,0.06283158571276205,0.0021985042689912494
417,0.06624327140193641,0.0030759790283875392
418,0.07394112834457382,0.00492545049301806
419,0.03894919690239658,0.0005982963219243252
420,0.036358300855010295,0.0005945046454568495
421,0.06661472671901784,0.0030859250143970792
422,0.087423394078945,0.010973571241439608
423,0.06283945194503845,0.002352478907004546
424,0.04078327110184151,0.0006646247726040152
425,0.05348681868567874,0.0012756755554370002
426,0.025948043349697983,0.0004170385309694124
427,0.06659561579992081,0.0027295871094568007
428,0.05014632850513575,0.0010562141421546173
429,0.08507483410303879,0.009680337035605998
430,0.04785662796149918,0.0009633336434842826
431,0.046452141730100996,0.0009122744360396
432,0.039087027577631814,0.0006604254019962844
433,0.02487461819110312,0.0003856171381786398
434,0.08194876459577485,0.0085207860243303
435,0.076201418898404,0.00560134703658947
436,0.08132554047137215,0.008047095116096668
437,0.06660754298959992,0.003030268081517381
438,0.06683180945613436,0.0029421965498835226
439,0.07085620037147015,0.003847194637444969
440,0.07179063714846629,0.003991264096673772
441,0.0806616988478652,0.006883478631926153
442,0.0497364303744683,0.0010368662426735683
443,0.05434366553223312,0.001335512199097558
444,0.08265275146937617,0.00830721815838935
445,0.07834147250440414,0.006610290757840813
446,0.06253937481147916,0.002197962671173458
447,0.06330952872966472,0.0023740622164083016
448,0.04436679816309923,0.0007962974714643022
449,0.024169567316378177,0.00033596450781437964
450,0.036310086830610655,0.0005208758127433957
451,0.05452265050133493,0.001332866245018266
452,0.051115890929158296,0.001073386864149233
453,0.055766190167991204,0.0013678602294353878
454,0.07285314054297637,0.004543214321142339
455,0.0585554629732466,0.0015175249171278252
456,0.025721347088833432,0.0003763144458859456
457,0.030903336332244142,0.0004052563187673155
458,0.06265455474849865,0.0020064433411150556
459,0.08579619075973394,0.009969833993134582
460,0.06951968975920621,0.003517502038916335
461,0.06058033976821584,0.0018781792714829134
462,0.07398270774653043,0.004872026084511725
463,0.0316459664198008,0.000425626321335182
464,0.05600235430257371,0.0014771041985827498
465,0.06640792982310191,0.002583992022994161
466,0.07809522151915396,0.006330229262740881
467,0.082979937937368,0.008367011722534637
468,0.04075807152120363,0.0006603112444443946
469,0.06956651021956323,0.0037184725130268697
470,0.07671087159479283,0.005747857099944842
471,0.0647570293325807,0.0024845019336571387
472,0.04364827638499594,0.0007727994361002963
473,0.07478227722713664,0.005034746921299936
474,0.06788781001061167,0.0031517214023794008
475,0.06815822247496348,0.0031555109946841695
476,0.057353825258732755,0.0014980824359206862
477,0.046219258041228076,0.0008902125502311335
478,0.04294303227593416,0.0006928504739662415
479,0.059097418481774563,0.001675420967097438
480,0.04626759754564999,0.0008975393525061349
481,0.06363939371186987,0.002393762058667563
482,0.04690992591719083,0.000928214875091316
483,0.06737688420215898,0.0027560329119329665
484,0.0695287233793272,0.003491833975584227
485,0.08099231847284492,0.007938404017829337
486,0.04034094755281602,0.0006175525111063629
487,0.027712363087430816,0.0003764327936809651
488,0.054581864230719264,0.001332532446273414
489,0.07652021605865326,0.005644294464021896
490,0.048659985503391325,0.0009560114114470382
491,0.05159970558230676,0.001091796820902233
492,0.07374896081035504,0.004666938803070004
493,0.07885983162894987,0.006389602329083875
494,0.06167640174040011,0.0018502095886921265
495,0.08204093613882363,0.007829865612242259
496,0.08521843404529893,0.009776959523288891
497,0.06973404234856025,0.0035834307564120483
498,0.07212963119157693,0.004096190858290567
499,0.057726949094777526,0.0014626107907683137
500,0.07499896483109432,0.0052071488498261305
501,0.07242350654965977,0.004331495616471809
502,0.07893470568775943,0.0066972100935577955
503,0.04973835899116721,0.0010298478111393369
504,0.07330243397146227,0.004649564839354117
505,0.05568272874313119,0.0013562701249840734
506,0.032000084707618934,0.0004519859852561402
507,0.044973731929637446,0.0007449697378937798
508,0.04545224221865112,0.0008708092867205205
509,0.06285978571566574,0.002298890435580447
510,0.03640198818050761,0.0005905379465870718
511,0.048298305694440095,0.0009474395733267893
512,0.03696194561414059,0.0005670342847144255
513,0.04786544427582542,0.0008873971721322648
