,0,1
0,0.033906595457474674,0.00459099969021306
1,0.04400267396435958,0.006604441875407237
2,0.046531673323147726,0.00744366330113329
3,0.0377357464483243,0.0048003406205152505
4,0.05083475290590193,0.011283299491897148
5,0.041968677118034356,0.004205838235591787
6,0.046878275757789155,0.005909578861539286
7,0.05233042776077188,0.00965472338327124
8,0.030505360727110672,0.0025479128012026618
9,0.049615448705616697,0.007878213087523784
10,0.05085568658898013,0.007778650878016134
11,0.03880697530709367,0.0038989385098683986
12,0.04727766381346827,0.00506892397216217
13,0.05015292913714199,0.007119038859714087
14,0.03241927885366115,0.003805908405384322
15,0.04436867980883251,0.004253157808022469
16,0.051045123453810265,0.008851317010247245
17,0.044669535153332024,0.004932102488471201
18,0.05073940015897091,0.006460703144093423
19,0.032102879634239065,0.0028986850729471286
20,0.039293827697496383,0.0033046793662657374
21,0.05503706386967008,0.008461749405473631
22,0.03673316352424423,0.0020071793312480585
23,0.027358937468604547,0.0011633008915076844
24,0.059107634126087105,0.01046797526007878
25,0.03961984750921477,0.003541430729264702
26,0.04020912253819572,0.004149415741439533
27,0.04632136476618056,0.004809341884678122
28,0.03799303314118366,0.0028095127961068815
29,0.051004915451614515,0.006195938841662374
30,0.05643499917446694,0.009982657238118023
31,0.053330294367962376,0.00838708807803907
32,0.03875530795176773,0.0032260753233301375
33,0.05332696158901676,0.008111599138431997
34,0.0462485822554107,0.004405849431009788
35,0.03970875890047871,0.0038002502686231084
36,0.0446429160765678,0.004146220564256443
37,0.06041481854518594,0.010394474997675936
38,0.05271759319642857,0.007186376523255699
39,0.04702702470430658,0.0049036366701464785
40,0.056753153324746355,0.010247278994925625
41,0.049267932166105144,0.006030785817419974
42,0.05334128493911909,0.008160467070663018
43,0.029386536901185603,0.0019291655419327483
44,0.04296472133904392,0.004018571940909808
45,0.024694171831540403,0.0008644792231294488
46,0.061603872787365205,0.013376033923058335
47,0.041821574606595156,0.00330611716166346
48,0.054054545676646956,0.00830013166998732
49,0.049369252563064785,0.006081381302086096
50,0.0435839030951254,0.004073587829516441
51,0.06318743191626129,0.01728077603616265
52,0.05648921990101613,0.009324273764304572
53,0.06330994101679674,0.013958943944577607
54,0.0477222229610189,0.005440199673434505
55,0.02766862914804756,0.0010486620297181924
56,0.047836080768531374,0.005950619879458478
57,0.048534171566041756,0.005567531216338913
58,0.04223442054662315,0.00390563198908672
59,0.051402064440114054,0.006522558017690528
60,0.052657114372713816,0.007173414363975452
61,0.04869736178138838,0.005663683590507993
62,0.043187167329666744,0.004016588414946801
63,0.052020871565017855,0.006719401348344107
64,0.05451566213382826,0.006423318738438936
65,0.05058521006267001,0.0058969847224959425
66,0.042382999368583,0.003972543816384668
67,0.03994039340264916,0.002843446796653156
68,0.04733768168419178,0.005165350396756807
69,0.03429838010476073,0.0018552610927825386
70,0.05108092258156933,0.006097153726501833
71,0.03839355592609791,0.0023440858582864676
72,0.04564552066649765,0.004288826166780636
73,0.04208889547284625,0.0034706418684204085
74,0.06220948568209521,0.013784254571249346
75,0.031315376839503195,0.0017392165506409903
76,0.0552344633712643,0.009179914323321147
77,0.04502095631520532,0.00386524611966752
78,0.046922513644819384,0.004339111258575203
79,0.03683729628157962,0.0021628730621548312
80,0.05779683773039385,0.009262688125903884
81,0.048230953745174214,0.005077395622971678
82,0.056284438063426506,0.008566058462065481
83,0.03931642608412343,0.0028373298273678452
84,0.03770690342914967,0.0021079594191400304
85,0.04583495152635913,0.004333230678477884
86,0.04240470422200327,0.0036595558265218537
87,0.06259563044219277,0.013161515089701216
88,0.06404441161885897,0.017186979679051275
89,0.047395565996788944,0.004797466658259508
90,0.05714492666194408,0.009004082793179515
91,0.029794529863747737,0.001390361206376643
92,0.030916119866042424,0.0015601946360055516
93,0.0634671305543063,0.014221225365183374
94,0.06139308711063651,0.012096056046195468
95,0.05316351309815809,0.006159371781938066
96,0.05726307633412242,0.008859209996598193
97,0.05000466527630076,0.0054246259510969804
98,0.04649859286478181,0.004063547867350057
99,0.056585167141990994,0.007191956428715937
100,0.03532284357043056,0.0019529058054541199
101,0.041962293684767824,0.0031027868441958753
102,0.04946213234075194,0.005392120005570186
103,0.04357659598980015,0.003531742645055763
104,0.051568502212663125,0.005181305299218129
105,0.03544159656218271,0.0019112009019354656
106,0.0471779242016763,0.00441378991884326
107,0.03206158930275929,0.0017150281778155173
108,0.048826492265678145,0.004432955049588805
109,0.026775856923828025,0.0008412138969959906
110,0.029752870020126613,0.001139975494469639
111,0.03720451093254253,0.0017800580674450432
112,0.0442216972713632,0.0034506918597542622
113,0.02718745611788747,0.0009156990438175469
114,0.040250245580493574,0.002965845208100175
115,0.059794093268722995,0.009362118444849993
116,0.04510559602065172,0.004056949666015322
117,0.03336239071749832,0.0016556293479013085
118,0.024214167496408256,0.000764961143804414
119,0.03149434504817438,0.0014377532238742982
120,0.038602593301834326,0.0025717131791566238
121,0.061366957055565,0.010439877927467867
122,0.061523398807219284,0.008508299651326967
123,0.04487464541861194,0.0037681741600416813
124,0.040662838369726596,0.0028752928454389274
125,0.06348160229355473,0.015402276946831484
126,0.046016808088730585,0.0040350423962560045
127,0.04276172409382506,0.003385828702927796
128,0.040460446531719915,0.002779978874695361
129,0.028729802990708566,0.0009907254692746198
130,0.029562055481421087,0.0010424368156552856
131,0.04689291533603627,0.004124837277832309
132,0.039203838298599664,0.002487527916144811
133,0.05482983344976855,0.006585077373115939
134,0.039464460744026555,0.0023663577886332623
135,0.032317043259434845,0.001282169660470855
136,0.02238095123031137,0.0005193316859241941
137,0.05245374006804247,0.005190628505261758
138,0.05013853337351168,0.005143310164557569
139,0.042149172510560835,0.0030998022923439585
140,0.06185734209776308,0.012322047475400668
141,0.06181997695557019,0.011370261314833374
142,0.04334060334027277,0.0033764851587647616
143,0.04062753061684374,0.002643400109901045
144,0.06622782495243884,0.01517486077751921
145,0.04250444393514507,0.0031818938116843767
146,0.05621304393915981,0.006582165845546639
147,0.04288117822111289,0.0032639256768163924
148,0.027936889110969913,0.0007742153350866984
149,0.05062657517155224,0.005134342179593347
150,0.04799647080039429,0.0042608851742059715
151,0.030795394083805765,0.0012412874418064636
152,0.062028953450684605,0.012773559728447447
153,0.061973184628972375,0.010458368892524819
154,0.025097279849823056,0.00077109624350627
155,0.0444790266865032,0.0035250225814617672
156,0.02888849434755531,0.0009682900897052462
157,0.02551200423778396,0.0007062966218141318
158,0.0490787857009034,0.00487724350483236
159,0.02400713488905923,0.00068318428984664
160,0.033193707950247994,0.001630882279167924
161,0.06313326621140698,0.012970264196898623
162,0.0249707942135167,0.0007013054820820642
163,0.05273467713748774,0.006095792580615209
164,0.04350676026056724,0.0033454095868750166
165,0.038199372449118474,0.002252928309780092
166,0.041820842772245584,0.0029330636433167368
167,0.0340086343369143,0.00170281587524606
168,0.041756239686716004,0.0028288796078928275
169,0.043098903583097294,0.0032970675205364055
170,0.05264429283611549,0.005793603956340522
171,0.030822540371159196,0.0012816830238851994
172,0.04936003393805139,0.0051011571363107034
173,0.05708970358660022,0.008456315809798077
174,0.06673453280817251,0.01593316432953466
175,0.04304248896110264,0.003276437164641049
176,0.04335326898944826,0.003075062758106446
177,0.044948414088462084,0.00386155801569957
178,0.03210446010420352,0.0011530914546144595
179,0.05030450451578927,0.005105592226098941
180,0.04998273590230006,0.004684942076151442
181,0.05707466967786574,0.008174551345518975
182,0.025145910274306692,0.0006453989031317929
183,0.05318071933146309,0.006137775584021349
184,0.05793353827521043,0.00819924914138182
185,0.03921843199551487,0.0021953934146331827
186,0.04615418147401879,0.004056310078862894
187,0.06309387823637186,0.011839704635033522
188,0.07275219275413027,0.020539889175821738
189,0.05436952347720401,0.00632507013894252
190,0.04525721231557562,0.003977612823526532
191,0.03306569520828048,0.0012929370268550651
192,0.0632408497852898,0.013843699384345574
193,0.045314362041413155,0.0038262957403314437
194,0.06465969000678522,0.013355721115913202
195,0.033807141322973605,0.0015759482522663044
196,0.03947186425252611,0.002316246705331155
197,0.05319308172458022,0.005621627811967979
198,0.029989076369047272,0.0010847424534229059
199,0.020685723773167637,0.0004582557133656806
200,0.06443246010819248,0.012609190131172562
201,0.061927202003063946,0.010189842008512508
202,0.04485414913026056,0.003616587562069635
203,0.046284166779196834,0.003814726340156541
204,0.06301231317005825,0.011331689539565482
205,0.05761208387043479,0.008000889832432962
206,0.06181553656761446,0.010014044500474028
207,0.06645110425692187,0.011902913263848281
208,0.05527381078935821,0.006302452411650098
209,0.02911224769874196,0.001006025842763874
210,0.06671324921858579,0.0140495832151069
211,0.05004983116137444,0.0050793812569853315
212,0.06234327103763709,0.010929950420074956
213,0.02949676368816035,0.0009924865161148907
214,0.024303179840200934,0.0005675962703802779
215,0.04497129457012127,0.0037205861119654895
216,0.06696809692537593,0.014624278106704837
217,0.04570794602642146,0.0038008398183919543
218,0.040679803352342905,0.0027697147206332843
219,0.04985245832281981,0.004326782116214466
220,0.021111809351781825,0.0003875428288164543
221,0.052663830397738094,0.005556709529512092
222,0.040789926579650394,0.0027754165255131666
223,0.04351870388689826,0.0031993565355532987
224,0.027196909313893285,0.0007546778503641964
225,0.04485344086391182,0.003481966094181952
226,0.03050597246619426,0.0011017636706741793
227,0.034269253991278795,0.0017147094466042033
228,0.03380866759154792,0.0016471001315178856
229,0.02839102624617954,0.0009619676810392028
230,0.042648973688592516,0.0030204362707238128
231,0.028063746508606383,0.0008878251902014524
232,0.05353445889654157,0.005695892229966651
233,0.046468617329478656,0.0038671882649932245
234,0.06804371303241444,0.015912143066269088
235,0.033346823564947906,0.0015498844887537088
236,0.06358573803048963,0.011064327621723326
237,0.04129487157226505,0.002820742723421413
238,0.043593380101860604,0.0032236654269962696
239,0.03378656461384494,0.001564337161147703
240,0.038797540160767266,0.0021750134394077397
241,0.041850974425793164,0.0029286905681599673
242,0.05845908394796929,0.008335325736472575
243,0.05366648541970956,0.006037745672197643
244,0.03766356834992401,0.0020669629870255146
245,0.045181505039691164,0.003556285677026783
246,0.05784458040221131,0.008156783513107767
247,0.059153619331396116,0.008449473514431241
248,0.06321810494956373,0.01015743432796667
249,0.04661992682359178,0.00367579580982094
250,0.04772016212297034,0.00419468220240028
251,0.043717127488034115,0.0034505809640590504
252,0.05580030700561653,0.00642576348715338
253,0.04140711838081427,0.00277135903724483
254,0.04394547734115433,0.0034469043840241373
255,0.02822260315709676,0.0009359238842410289
256,0.03310917254343365,0.0014646064849842945
257,0.04323409976769213,0.0029879764026127416
258,0.04189571252726546,0.0028837979046917577
259,0.035780817091876416,0.001695720225641177
260,0.043718278278540836,0.0034399734739703146
261,0.03310637219999684,0.0014121619240373942
262,0.050043792741619984,0.0046876179430583335
263,0.03323023139064831,0.0015231526286537264
264,0.05791482110596542,0.007569857640546207
265,0.04043661583997817,0.0026207291834321003
266,0.05811783974354173,0.00822091998771289
267,0.022473870573704483,0.0004955301796441083
268,0.03961609766599508,0.002573945861410613
269,0.054004194434295244,0.0061459214570984255
270,0.034215512510280946,0.0016025702228657022
271,0.02922430855773702,0.000942277035025878
272,0.05411477747993528,0.005914541245242186
273,0.03428373348120505,0.001661109718650909
274,0.04028268194977435,0.002429085533156385
275,0.04195952807151999,0.0029173900087062243
276,0.03349426636578626,0.0015443586161783237
277,0.03402628808846181,0.0015822878429617116
278,0.040862300366629,0.0026470436948529573
279,0.06339728711510828,0.010901396477052619
280,0.05749482345982452,0.007261085449616519
281,0.05788829484512829,0.007376865883552795
282,0.03370268594204184,0.0015508623680118374
283,0.02893982469940363,0.0009016444920332571
284,0.05027525800194508,0.004804315224407165
285,0.04811632820376062,0.004274135998351617
286,0.04781126248267239,0.004073440883841293
287,0.02938462096593021,0.0009847694630984777
288,0.03495899125170597,0.0015828723366972588
289,0.0526545936042762,0.005385275656810231
290,0.03788238508198384,0.0019829479631113794
291,0.05265167082345508,0.005225541786505469
292,0.04444333099594906,0.003320806224543499
293,0.02954221486285052,0.0010370864156792278
294,0.034970871185004186,0.0016635380647572419
295,0.039133148616361205,0.0021715084456758456
296,0.051656408899816014,0.00475778142492969
297,0.038569036317042976,0.002170542216937356
298,0.056976711059620065,0.006919546744002937
299,0.026747296925031645,0.0007430501768107862
300,0.025678280505721643,0.0007104571996259817
301,0.02236134962451037,0.0004938584553151327
302,0.031662890537896754,0.001139556460339755
303,0.04457682718817646,0.00324444099447877
304,0.02608501393931132,0.000683468543397215
305,0.058164363570072895,0.008326450084385716
306,0.041655772694357135,0.0027852959048995287
307,0.06416394567226609,0.011735448712632848
308,0.044649548406178394,0.003473375294793384
309,0.054357531600214094,0.006228734533366796
310,0.06859108243932498,0.01988487927067066
311,0.04208498286859354,0.0028597417276085757
312,0.05877530355265242,0.008272844296129423
313,0.03516308202308429,0.0016534548921742637
314,0.02558160542882801,0.0006634763800254975
315,0.06354305683942256,0.010875610279250273
316,0.03222006036225979,0.0011851497829662
317,0.02019361687488038,0.0003834681791755048
318,0.037411718124164044,0.001975169798709415
319,0.03431824772550183,0.0014924253378595072
320,0.03436418925983559,0.001572327958448224
321,0.04782300208662619,0.004038918234231983
322,0.030129182627111478,0.0010872073693240546
323,0.06981851812798935,0.017311482167759257
324,0.04014780812579779,0.0023336156317076413
325,0.0593912661102238,0.008172458155704693
326,0.045219504424476364,0.0036191743558545452
327,0.06751124804181932,0.01486034748547691
328,0.044861511170423175,0.0034500614059673894
329,0.03343418657040384,0.0014911942594780644
330,0.04094950194397018,0.002548716952936232
331,0.04175772376844614,0.002796472153023643
332,0.058387525872924284,0.008112875731794448
333,0.0669318080897191,0.013808062551810522
334,0.039532753078947526,0.0023111769911145705
335,0.04710782262606027,0.003918589957097059
336,0.04245623215654086,0.002983269855779824
337,0.068455284810929,0.016133911895696663
338,0.041601209027636823,0.002609577686586909
339,0.031344759403602374,0.0010985264069120631
340,0.033177275521214064,0.0014891012999165968
341,0.03944991660189937,0.0022546501883547784
342,0.026106844836135693,0.0006793229165892544
343,0.06764389785667528,0.01358611361858974
344,0.033692492112115995,0.0014275895010793572
345,0.0381773942597908,0.0021453507260054475
346,0.04517851339926075,0.0034884305897810914
347,0.04471692310348566,0.0033482495648582376
348,0.04507593785067131,0.00341972429224322
349,0.023078235663211988,0.000559941146151656
350,0.04506708974720583,0.0033103092372589278
351,0.06374569837152368,0.011553219769443042
352,0.04690127804472395,0.0039004729288320316
353,0.04052615427426713,0.0024421193582703418
354,0.024523415860706964,0.0006024435350325168
355,0.029863088031185803,0.0010819910592512268
356,0.043123775543921654,0.002871911641106167
357,0.03374280799549738,0.0013329734816936378
358,0.01984664891802996,0.00037898013258566744
359,0.022477585547523715,0.0005405639095815875
360,0.058842284776550666,0.007828557594535275
361,0.060314027649444116,0.00839872838958602
362,0.039706859494969805,0.002289968213537676
363,0.035302828152930114,0.001674843514286112
364,0.04068512788476903,0.0024423031480881882
365,0.039686164578624075,0.002285226361270947
366,0.04961967394412873,0.004181276081077334
367,0.040966329023160435,0.002461677917251398
368,0.0363639402528671,0.001604790441215764
369,0.05885807459127009,0.007973112648621378
370,0.04673295655189051,0.0037452995503064164
371,0.05808132822179393,0.00776112444249368
372,0.06358835791118134,0.010658214993550786
373,0.01841710145091769,0.0003272111686791658
374,0.026973027352525193,0.0006971619809337936
375,0.05893615313421996,0.008142141389248174
376,0.03520758544228919,0.0015876046781273178
377,0.057000599284998565,0.0071809142692081515
378,0.0302563574955956,0.000960054817383872
379,0.04338040859498978,0.0030111702411396543
380,0.023069562820474503,0.00047194378597869684
381,0.04109795804828375,0.0025472580859174166
382,0.046962327934468376,0.003714330943701024
383,0.01959749065393569,0.0003340746686969657
384,0.031744368606270335,0.0011094839181723043
385,0.039864157680395175,0.0022964551231059215
386,0.05715056741074836,0.007165713666043568
387,0.04550523982777001,0.0035532201645396694
388,0.054397706813114614,0.006106889953810864
389,0.0702574161925182,0.017402414173454544
390,0.022107457893104122,0.00044089860492545994
391,0.04120909248945253,0.002576325024189009
392,0.057675186667963285,0.007042043253386531
393,0.045779038703830766,0.003674624794843043
394,0.023717404655855034,0.0005219303997745972
395,0.050032005130905714,0.0046052298722677
396,0.04718368057180537,0.003702551494178011
397,0.03923031344447129,0.002152950452038553
398,0.04470468148388492,0.003307455467647373
399,0.06175417367012829,0.009458159603408577
400,0.03803209237256312,0.0020359741691639223
401,0.04406642689474025,0.0032355666580665848
402,0.024803485938366156,0.0006407337364370825
403,0.040112381837430044,0.0023260214620303655
404,0.056729182169158565,0.006767165813123099
405,0.05324171114190909,0.0055679246502947
406,0.04176775599237652,0.002835931205650859
407,0.03467875192027334,0.001568138539244756
408,0.03653363666389127,0.0017760439914162721
409,0.05422513474828411,0.006015780526534519
410,0.05369975185961247,0.0058332163063950955
411,0.04176618311955445,0.002824000128270302
412,0.0619569009288258,0.009171596238466495
413,0.045444911585530885,0.0034677987215982497
414,0.06322516188034141,0.010656755524870975
415,0.06855418188245596,0.01537497088247585
416,0.03970200123107002,0.002284595951959546
417,0.021173310597030922,0.00043497147024999956
418,0.06379887848974386,0.011389700050580959
419,0.04165708918950404,0.0027268195472189183
420,0.05890312070044142,0.007621432461697117
421,0.03494248015399959,0.0015592417048378262
422,0.025056332294201667,0.0006188399835949358
423,0.0381143745290701,0.0021234970099059526
424,0.04210108873605505,0.0026203993805112556
425,0.032548311557352994,0.0012448776660056195
426,0.06365784997570297,0.011018849925857327
427,0.05881816393918116,0.007341137750286513
428,0.04289778329682418,0.0027251086196337605
429,0.025479751470615965,0.000628361651911309
430,0.025343321438934207,0.0006196297660160108
431,0.050965112494300024,0.0047464235283885305
432,0.025973549980415955,0.0006736961755563721
433,0.03641400301853817,0.0017494201962225506
434,0.048401835358808674,0.004120785337509768
435,0.04191335370131135,0.0026058378387580072
436,0.05448868950762224,0.006265867276140986
437,0.04014828136552468,0.002335141557004327
438,0.06556925293199863,0.011661850102678577
439,0.0550450447093007,0.006284132483107594
440,0.03843142729094956,0.0020548471542971964
441,0.05971086086730821,0.00834918091404652
442,0.030762737558753802,0.0010861836393051506
443,0.05892070317628936,0.007952000101832096
444,0.04559306947174058,0.003644503546379498
445,0.02603760283158553,0.0006749472460163113
446,0.03070985732764435,0.0010755849200355977
447,0.06926610074937944,0.01650208203608904
448,0.05417681664866722,0.005488468361066919
449,0.06292048452455135,0.009890307544597009
450,0.021550275275795196,0.0004270522364904486
451,0.043882047339656616,0.0031963465471905386
452,0.04548182080673859,0.0033564113176264695
453,0.06398794659242446,0.01103389961699618
454,0.03379856490360594,0.0014071355366560836
455,0.06432267492185419,0.010958610878286087
456,0.06439516425056792,0.011461486859190868
457,0.02736544210426957,0.0007178600317161577
458,0.04238320596287464,0.002692607392488931
459,0.04339877610355077,0.0031619598891813017
460,0.023320148043526417,0.000489896727454966
461,0.06490313183819689,0.011495036429866864
462,0.043495561408592454,0.0031379504932929417
463,0.058542167431830786,0.007185416740900094
464,0.0501353110895431,0.004691748010079676
465,0.06649010283555697,0.013116218605506538
466,0.0346245994933626,0.001456460415575404
467,0.0434974400996829,0.0029855115188569207
468,0.04481610597515062,0.0033060949037240577
469,0.06694870557367753,0.013009748739815643
470,0.030721983974515508,0.001076218939090819
471,0.046101380134248,0.003667489184483263
472,0.043547167821786824,0.0031086680226079027
473,0.03767529174959543,0.0019398113590542883
474,0.07041753530600742,0.017152666087103818
475,0.028978731023992985,0.0009388533536455465
476,0.05293587652040841,0.005408891310581083
477,0.06604717736017574,0.011819171429753042
478,0.04360326046547363,0.0031272982429390904
479,0.05760464119877687,0.006893038307022465
480,0.040798806952352724,0.002337684295310399
481,0.06934484709178645,0.015301794258027695
482,0.06803225966196012,0.014258679493846151
483,0.03265470184267236,0.0012535207236198701
484,0.04587044751948493,0.0033164529280172088
485,0.060983942156294296,0.008349185791700705
486,0.0282719578844389,0.0008075401985114403
487,0.034792452971960104,0.0015573291307831205
488,0.07113249024707695,0.019808551059574384
489,0.05045432862791288,0.004721624201972672
490,0.07047035207482255,0.019591352818098717
491,0.06292331700933981,0.010061271336195802
492,0.06815775314285268,0.014188211839069782
493,0.028794459105590257,0.0008863283475951216
494,0.02921398840802625,0.0009058575945235086
495,0.04821538240205252,0.0041113349863672165
496,0.05099361981846404,0.004735932589939887
497,0.05057692059301344,0.004625490796762625
498,0.047516254959508133,0.004010762021106435
499,0.06702483518753878,0.012865674639567035
500,0.021227217468300953,0.0004139709827789755
501,0.06172992376426244,0.00877834531157143
502,0.03987279359758616,0.002323714450327183
503,0.043604535774645625,0.003099074318870163
504,0.04409490986212035,0.002951165960900426
505,0.032144382714632345,0.0011494851422614752
506,0.02440098954086338,0.0006019846953146
507,0.051715799960050594,0.004918828580528989
508,0.06784462002438406,0.013277147325406793
509,0.0386507990902571,0.0020808261256493746
510,0.050788080425262686,0.0047187869672050175
511,0.048218965742439876,0.0040772371477726735
512,0.024240547121398046,0.0005515547884723704
513,0.0542877288285194,0.005952644183568833
514,0.06581255269365012,0.011642707844540525
515,0.038296581445787244,0.0020473203246968497
516,0.025827875221738385,0.0006628133331645656
517,0.05772507812887545,0.00714856013935652
518,0.06384107720761188,0.010519098579271387
519,0.07186718322058436,0.018187474682139233
520,0.054403224540170374,0.006179174289103256
521,0.025971128298268448,0.0006631932318149357
522,0.01766814382317769,0.0003022051311905014
523,0.03664092265643512,0.0016880751479810274
524,0.029479929677518193,0.0009379232592136765
525,0.021276056739169047,0.00038958091343665736
526,0.03784423580758478,0.0018989812139967518
527,0.035300196776769224,0.0015997679098948404
528,0.04604621991935842,0.003449875615715539
529,0.06442535878469038,0.011217731682797319
530,0.058961392475190444,0.008125318957337115
531,0.03872939104610657,0.0020736538550666884
532,0.06881520759381915,0.013964987618028923
533,0.03185946616062043,0.001138183174687901
534,0.02806136310707416,0.0007946847667436213
535,0.07115316498385095,0.01712697121312219
536,0.064422648099381,0.011007456717179079
537,0.0350525230191354,0.001569091959632464
538,0.03381977551805376,0.0013794346416973698
539,0.04917666970325426,0.0041418717965228495
540,0.041031536441570725,0.002325676670551143
541,0.0564234849944331,0.006709869837465315
542,0.05341396104410095,0.005402212529110441
543,0.03112266930101305,0.001085470827253541
544,0.030860387960988427,0.0010578799391395026
545,0.02839429845698259,0.0008353004573342731
546,0.038773266290701255,0.0021390632265005623
547,0.03502013810574021,0.0015366164139624004
548,0.06661260412149031,0.0124559736372187
549,0.032569110990967806,0.0011473054019561111
550,0.047521553824547806,0.004013147402789167
551,0.03374991351049279,0.0013157297929250393
552,0.0384041081987805,0.002002259969097319
553,0.0202426512838482,0.0003763368325241912
554,0.05655064896732424,0.006759712259012403
555,0.029826143210065853,0.0009511511650114946
556,0.06041962111597079,0.007898136294585217
557,0.05068404880894171,0.0046912964977879655
558,0.04243018966220361,0.0026774678420661445
559,0.04506615782609357,0.0032883199696809333
560,0.037991406758044306,0.0019233687376799058
561,0.05647950449604326,0.006545548794341552
562,0.041094779213195765,0.002485884070510897
563,0.023775089808345987,0.0005462487444076784
564,0.04847619235240741,0.004138390787701464
565,0.04437586323553762,0.003156902219202341
566,0.06492627411215124,0.01129540207865109
567,0.06919896045268834,0.013580630350429687
568,0.06703753759737108,0.012686855145283935
569,0.054225471519586385,0.005921297145962442
570,0.05244332186166564,0.00514219075783518
571,0.06289977207520919,0.009662866720326593
572,0.027621672337863924,0.0007431106321805061
573,0.06389255179548071,0.010596211504861043
574,0.04345014785577464,0.002858529385933167
575,0.04723314551754491,0.003985427945528001
576,0.03391407985519934,0.0014543733202613607
577,0.054402245086602255,0.006010831455672044
578,0.03948436387162958,0.002254367179315838
579,0.06716616482159254,0.012559958607866116
580,0.03412145845809559,0.0014317869232493739
581,0.036644300633828106,0.0017334581859367272
582,0.06357009168725082,0.010060247407444255
583,0.0460801966097621,0.0035270515697363508
584,0.06750493852710968,0.013208937216076782
585,0.047782066535481976,0.004031884768597901
586,0.039596448907188206,0.002259752394424833
587,0.021366871519351873,0.0004255734294130417
588,0.03926618245962025,0.0022404935485709696
589,0.05452628865235136,0.006068388864948816
590,0.02788011447724376,0.0007732047627758399
591,0.02444018864062809,0.0005951828903099213
592,0.05177364105298183,0.004908632701019628
593,0.039348872205673346,0.002057033486030377
594,0.0369049157613314,0.0017356508073839275
595,0.04757957523194088,0.004008629347324988
596,0.06812174205711653,0.013310840180327002
597,0.025825073545749214,0.0006380336576347372
598,0.0413433708074561,0.0026054971579751902
599,0.06591873160274668,0.011368728899537491
600,0.06497313343988012,0.010989338721425617
601,0.02964044119475886,0.0009417613052174913
602,0.020008204074209203,0.0003598448268892307
603,0.043148484281562746,0.0027592058347645455
604,0.044140571435914905,0.002942069532047478
605,0.018912859251664572,0.00030775036795550913
606,0.030653209999702707,0.0010482160481882282
607,0.05942577245759922,0.007753780260637074
608,0.04759408977070876,0.003993555083059377
609,0.05178939734856111,0.005041855076424154
610,0.024843528748255028,0.0006030196553527952
611,0.054697815448711815,0.006008441841118596
612,0.06382052659224877,0.009805899607324845
613,0.030426170822991688,0.0010153793481782949
614,0.030901351096997282,0.001043758818253699
615,0.06436265249129083,0.010665709189517272
616,0.033703211026160904,0.0012825047463093466
617,0.037435263976616014,0.001828508715489866
618,0.04109895121615331,0.0025571780427468267
619,0.02857000723173997,0.0008154967525244984
620,0.05012715570231169,0.004596812709103457
621,0.03451924782301959,0.0014414777411619615
622,0.044658007739376025,0.0032614043112518406
623,0.030330548519649753,0.0010148018687776029
624,0.04737255620739104,0.003854693477374862
625,0.023485467869726682,0.0005187323284107156
626,0.04788955787359855,0.0038395558796948813
627,0.06207790515261516,0.0091178656338905
628,0.03281525200031165,0.0012045547048204698
629,0.06726807164446649,0.013154864664072096
630,0.030262863939944314,0.0009840832166071727
631,0.02898473000842141,0.0008760268890790738
632,0.06648203468945024,0.011840565349482945
633,0.05543027144110259,0.006342562318234204
634,0.07008452721284808,0.015437065938389734
635,0.07016452741799749,0.016079636073400756
636,0.03394381479201021,0.0014305687968410232
637,0.03405524353387552,0.0014171524894805317
638,0.0412238929351795,0.0025533125597935634
639,0.04140335282032164,0.002450992482818455
640,0.06682946035003408,0.012456584136390043
641,0.037374000923296784,0.0017710821610935202
642,0.03179503784484242,0.0011228072421269322
643,0.06488097720649348,0.010818685625761259
644,0.040660121641207095,0.00232092871385557
645,0.05451784288003142,0.0059535389969845864
646,0.05596548254354103,0.0064567720967092955
647,0.03500918263053053,0.0014986861632817331
648,0.046132397661058124,0.003450206550535066
649,0.04627989211586923,0.0035382287680032426
650,0.043915082052105564,0.002936528109845274
651,0.07281689291152613,0.022085526337139238
652,0.04848954730651611,0.00406073021090432
653,0.017917778706359418,0.0002635864158181298
654,0.02225486166943851,0.00044771017584674464
655,0.03954101251660463,0.00221000117094941
656,0.0261868742614316,0.000673910533109792
657,0.05461210227596837,0.005955666464156023
658,0.055582251751088795,0.006159284788595766
659,0.0442267294684113,0.0029913392561458424
660,0.06216056865553342,0.008701095218821198
661,0.041698829563305576,0.0026055685054279117
662,0.023755948607467305,0.0005450091078264581
663,0.047408159329626866,0.003756550771027501
664,0.046464328738658286,0.0036266206158852743
665,0.04704204424854136,0.0036740841427269867
666,0.04148679213633358,0.0025813546787449384
667,0.03413688362869054,0.0014395585614108762
668,0.046304691147713364,0.003580635123941435
669,0.03957738096837727,0.00222837872667277
670,0.03955683853862632,0.0021166397032720712
671,0.021389794726531443,0.0004178468086644554
672,0.039581194076334744,0.0021681390867802084
673,0.03541730577909621,0.0015836455480468142
674,0.02508549308556781,0.0006122821847608169
675,0.029873655542482454,0.0008685452431967842
676,0.06714826603573287,0.012410968480417997
677,0.0382456791578922,0.001958208368443844
678,0.04800566184329288,0.003979085469222238
679,0.07217291732557066,0.018521660990031587
680,0.05650731029956667,0.006669136983705073
681,0.06260384864742939,0.009579894651622615
682,0.03127188007741988,0.0010865819088805176
683,0.054766810231439284,0.006050344088732979
684,0.04222058522521134,0.002560249788486097
685,0.05029978538859624,0.004611414336203561
686,0.0560928113295677,0.006368452940752898
687,0.056563077327333275,0.006481520970406379
688,0.0604349543126342,0.008030739160743677
689,0.06533342354171912,0.010949381558382014
690,0.033829092576574286,0.0014092547973739624
691,0.045291556679781124,0.00317409528129929
692,0.031098348372808036,0.0010705097419555043
693,0.06721154453187006,0.012440623671771015
694,0.054350733613114974,0.00582081477892199
695,0.019216871809846388,0.00032408219927576067
696,0.05516476172077037,0.006158522196888922
697,0.03143599735002722,0.0011081463910441857
698,0.06278357053028535,0.009540132159166293
699,0.024908113852458516,0.0006114649873359471
700,0.06971475380797683,0.015327147110271316
701,0.04776393627736356,0.003711943455651088
702,0.06247442625884035,0.009215466067989194
703,0.05476470446353961,0.005848742769231201
704,0.0242758072226873,0.0005644032646740604
705,0.021657852104401465,0.00043131861269994886
706,0.06765138674176363,0.0126344574225725
707,0.05905351927196249,0.0074582425115399436
708,0.04239822717144639,0.0025597370729400822
709,0.054870354558358175,0.005995193488695429
710,0.049864554783964746,0.004405035738266283
711,0.03512938633671154,0.0015703136018498935
712,0.056957267479078054,0.006888982336846049
713,0.050044411285639204,0.004585656858564001
714,0.025946031709508,0.0005900857743098776
715,0.03218419125652423,0.001119371558254409
716,0.020044357829122103,0.00035781543611840207
717,0.03087326679453707,0.0010302903582530799
718,0.07264015402585991,0.020364699391878377
719,0.035294649712145895,0.0015373755937760668
720,0.04845368037552806,0.004013968243951891
721,0.028835498480351864,0.0008568620443862754
722,0.06593898363344101,0.011433481024557737
723,0.05265243314107188,0.005259124473790218
724,0.0533379647975227,0.005225681734351027
725,0.06314794911315626,0.00978749174365431
726,0.05229887553866842,0.005141586539166233
727,0.05263790249330001,0.005212788754407246
728,0.03821609652471089,0.0018027796415705055
729,0.030400173897057785,0.000969899293497552
730,0.02428093287174677,0.000529865292581566
731,0.02877899351448045,0.0008530432733975928
732,0.02632784575144133,0.0006739847927798886
733,0.04438742589713628,0.003126954607137291
734,0.03869041586601823,0.002012420690383702
735,0.06241359930023604,0.009005401302852385
736,0.05179238846650326,0.004995978980558098
737,0.07178154674161266,0.017012074390385233
738,0.03281392602652882,0.0012011499277090156
739,0.02993489174188274,0.0009317243387556883
740,0.05018402933354563,0.004591752475606022
741,0.035634515211490116,0.001599988675039494
742,0.031184014628825498,0.001059101324895791
743,0.052044972569481485,0.005106005575836142
744,0.05123184847510281,0.004699961090188764
745,0.021264105329399416,0.00038701131888483595
746,0.02724185379723924,0.0007115405915994892
747,0.05915568111584606,0.007742970151443008
748,0.06343784559511934,0.009739894350405799
749,0.02263281181725876,0.00045026362293080054
750,0.04035981101856786,0.0023151570133977733
751,0.040110041106532324,0.002295987112748607
752,0.04483086564360311,0.003064221608290052
753,0.04640509662823236,0.003430437537362031
754,0.03967410954106834,0.0022382756401668363
755,0.03054110747064968,0.001001630380521047
756,0.024459883461958962,0.0005878203407195289
757,0.043455734461385814,0.0028909058905181896
758,0.05003862518571611,0.0045830074353418225
759,0.0340182334609537,0.0014038335265384103
760,0.04042356268661027,0.002298420656073719
761,0.024622282205206483,0.0005855343939908598
762,0.028650181681574162,0.0008197153982564354
763,0.032267566370351705,0.001136186203824556
764,0.068309251268711,0.013447627841409508
765,0.07052261805769863,0.01695018550982468
766,0.046419213294943945,0.003548707195710052
767,0.06530660916186175,0.010441146147546012
768,0.029055684853504696,0.0008514697184646808
769,0.038655500571891016,0.001989882227972423
770,0.026030159567196964,0.0006578269692345277
771,0.023107292928432825,0.00043655529912363654
772,0.046991060553484516,0.003658724047617455
773,0.01960999587546124,0.0003414362624236994
774,0.017730749548068976,0.0002565659759398048
775,0.06581688758556696,0.011349591716918643
776,0.06411503751535697,0.01038701528775156
777,0.059873170756863194,0.007897530793333368
778,0.04167707563115231,0.002545245789606118
779,0.06537157367028859,0.010918865296357947
780,0.07078310316427594,0.016770257911637294
781,0.06931080712792789,0.014490379519629294
782,0.040266486344291835,0.0022801932118947073
783,0.07125236303554554,0.016760705105293962
784,0.020687569581247123,0.00037915974239704527
785,0.018616398671171347,0.0003010235683443407
786,0.018971595645964682,0.00029068520729969857
787,0.028767521093764598,0.0008468105573241133
788,0.05537333940056817,0.006143879341688221
789,0.03978594823904276,0.0022704509683187943
790,0.06270956843062678,0.009488512958747143
791,0.055744506598342056,0.00628722421348316
792,0.052713322929941776,0.00513290741293753
793,0.03048943195344421,0.0009787249194437497
794,0.031580788035482636,0.001070318872757578
795,0.028780355668474852,0.0008146534290816917
796,0.03466965473672481,0.0014849426411654891
797,0.034194779019588145,0.0014013023351179357
798,0.06634860393574067,0.011822193374036243
799,0.024820475601592753,0.0005812915571824266
800,0.03390940337511935,0.0013579394684068607
801,0.044725625870473615,0.0028792800711378084
802,0.06409568716642981,0.0101572527545205
803,0.03405486022926618,0.0013867304534861693
804,0.05000360363194752,0.004578934015851401
805,0.05005779786964142,0.004364203359600002
806,0.022049726979428762,0.00043574901264075946
807,0.036746512793568144,0.0017098183261106323
808,0.05555862785270111,0.006028329437057678
809,0.020211288017970556,0.00036002917880128085
810,0.03106323081863545,0.0010314968570650745
811,0.036736951297671225,0.001685813316455313
812,0.05662649253134103,0.006734421253393199
813,0.02095720456437915,0.00038310701086262535
814,0.03408018097925305,0.0014001085368536448
815,0.02813783718870511,0.0007551779322372817
816,0.030687987815632194,0.0010194022359391573
817,0.03392800160780065,0.0013849684535129291
818,0.023406169090821754,0.0005148779348432765
819,0.026089587708205075,0.000660636123970187
820,0.05561882639929562,0.006257292807800529
821,0.050233514901529164,0.004569806157350966
822,0.06750350703650303,0.012390697890259096
823,0.051709701102228084,0.0048276820178077915
824,0.04266737773273983,0.002640017190122692
825,0.019271684012650288,0.00030609448466685675
826,0.06711978685939901,0.0121387386165527
827,0.025238843672955334,0.0005833040046959105
828,0.024510285016073784,0.000579312685954825
829,0.03305875335299763,0.0012660971303518926
830,0.04789675219648509,0.00397249017281387
831,0.05734661357599133,0.006631080240563714
832,0.03482899363752756,0.0014978216219081973
833,0.06635282223379267,0.011438427161058298
834,0.04103529596644294,0.002408344271090479
835,0.06097477417840606,0.008330806380453876
836,0.026043386161318686,0.0006229553052277718
837,0.02387069251487191,0.0005141373120135479
838,0.05813161150296921,0.007106097320801469
839,0.02838119146523617,0.0007888844957316673
840,0.04272650275717935,0.0026088046921480786
841,0.039781881265081726,0.0022309691510514064
842,0.06348341640865972,0.009787118012525537
843,0.02010154198075935,0.0003556337950742131
844,0.03435637440793878,0.0014165588309288132
845,0.034429532880195436,0.0014149413481731395
846,0.06792653651018773,0.013036429581700357
847,0.024315071514499985,0.0005775212124819739
848,0.0359828800200138,0.0015996210093313103
849,0.039884761751204326,0.00223234795050984
850,0.06967197148386947,0.014884178743503795
851,0.02627557329462525,0.0006359531049613059
852,0.030849252125775998,0.001028619511759286
853,0.05598473278539876,0.006323641829009638
854,0.05764733657879915,0.006899107854874351
855,0.0684052267690758,0.013245566116087414
856,0.054426236715667875,0.005762843129906678
857,0.05431703362431521,0.005701207221893769
858,0.035184979757763996,0.001535567993167418
859,0.0701818797628871,0.016577511236461756
860,0.024140617680147664,0.0005248905476033069
861,0.04642813411985057,0.0034499810516370965
862,0.04579365830788348,0.003306755871281955
863,0.035038196019909484,0.0014916090273950316
864,0.026677301775734144,0.0006898304681778486
865,0.05195640981625334,0.005032624830234509
866,0.028727205155741505,0.0008097226902754882
867,0.05210979234913167,0.00505150610629203
868,0.019603559369312386,0.00034124503039620156
869,0.026540447808358614,0.0006622080459920674
870,0.036977872093303076,0.0017694707122672421
871,0.07068532868261358,0.016105028431335593
872,0.04701838767318294,0.0036052377723176043
873,0.0342349782388619,0.0013586247417252946
874,0.021327421906467303,0.00039610838360897596
875,0.048807256965145054,0.004091018176048822
876,0.0566208322168528,0.006592564009692148
877,0.056769977694672596,0.006527447022225013
878,0.04814620668350364,0.003993869268084552
879,0.05589756227158387,0.006276959722903851
880,0.057675388659533026,0.006963287503677584
881,0.05739370639473555,0.006760679988544706
882,0.04071030173053716,0.0022722932085973715
883,0.039807045056961615,0.002189524948122375
884,0.03740359275290987,0.0017963028101987035
885,0.04862947070464373,0.004036221169762886
886,0.06868674773808321,0.012756274449185038
887,0.04698363732941165,0.0035375012054931175
888,0.02062342586008871,0.0003618894522959865
889,0.050508419563687665,0.004554174974621881
890,0.042821001611476915,0.002691824012694208
891,0.05699806508526168,0.006543702165687339
892,0.03734894171638764,0.001709185544608117
893,0.0400829834982133,0.0022499926183792915
894,0.04775992120991968,0.0036905906779845835
895,0.02995567097203189,0.0009570694105285342
896,0.06928263626600922,0.013474921908219023
897,0.04571716620016092,0.0033062634711361226
898,0.030592248129014548,0.0009934017111983447
899,0.02007415918688337,0.00033404983716832614
900,0.042234150208634955,0.0025235783925395814
901,0.03521303979321354,0.0015285890709328522
902,0.03100112529898012,0.0010209232072806605
903,0.030603878232427904,0.0009581797782200304
904,0.02758524555227218,0.0007375737742324821
905,0.05683510777535711,0.006534439008998396
906,0.024635900532938685,0.0005609361580106276
907,0.021283700884766145,0.00038960824073909153
908,0.03322023974352694,0.0012314347234684002
909,0.056573752210089145,0.006469939115634201
910,0.05291716389432531,0.005189571657836256
911,0.03569325197961072,0.0015856174302473736
912,0.02451874686337259,0.0005594061912157527
913,0.04490469327002106,0.003154392171901892
914,0.028396912081520433,0.000799318952629517
915,0.05078112381449484,0.004558791278157649
916,0.023461661815682502,0.0005049353377995364
917,0.042824967403028755,0.0026871879113035506
918,0.02313940656343421,0.0004763856166452641
919,0.04826432442617085,0.003996943097592433
920,0.03335697552435635,0.0012610585523827355
921,0.031231962532027042,0.0010609443966004672
922,0.04003570172391694,0.002234745346327805
923,0.02502740647373689,0.000560115175255785
924,0.03202240808835194,0.0010752615128755262
925,0.04296576599359379,0.0027519882368858984
926,0.07009792722848804,0.015203163264538534
927,0.020990062204470715,0.0003832532515756749
928,0.06440492023811743,0.009909121393758259
929,0.04794324445055223,0.003946482936938453
930,0.022260496580265948,0.0004336369196995516
931,0.0495157556729971,0.004175258378440867
932,0.020181428733934602,0.00034674716254658595
933,0.05889683789976817,0.0073164604971349845
934,0.02326762285735611,0.00046893464621442085
935,0.050355436512156286,0.004451030779091079
936,0.05832076875434876,0.0071319251498793736
937,0.0638408508312782,0.009858403148584872
938,0.06568775213850044,0.010827596599095586
939,0.06995216778276368,0.01483870048746805
940,0.05778494903176485,0.006840633679758685
941,0.026367769454248575,0.0006532161988789521
942,0.05085617223347129,0.004556543109996807
943,0.02879027982077039,0.0008313462899433197
944,0.027243600141877912,0.000715242888696874
945,0.020826925348358703,0.00037064798996239287
946,0.02915152933043394,0.0008146206657595184
947,0.034755980321542174,0.0014813114312397478
948,0.06681729165802157,0.011709484528923774
949,0.056155517924950986,0.006343328542638261
950,0.048913737420111424,0.0040747097144636524
951,0.04176174658911857,0.0024803529093890887
952,0.03508862972696071,0.0015176521888170453
953,0.05983464511010185,0.007885813781870251
954,0.04195284942284684,0.0025115995038458155
955,0.02145604216487918,0.00041035073074008674
956,0.05423392777823924,0.005656804974834985
957,0.028184446172149033,0.0007601988654977797
958,0.04348473274473692,0.0028102063028440996
959,0.0330438445417343,0.0012158614306116678
960,0.029881227908812622,0.0009005126490781242
961,0.023620674735364625,0.000495758905910699
962,0.027780471685851623,0.0007385935754021345
963,0.024399188292421305,0.0005383484073204699
964,0.04103650481925365,0.0023910936940234207
965,0.04901302986813898,0.004120782482228306
966,0.06791993762414399,0.012711270163915277
967,0.027862543912789407,0.0007494999476483814
968,0.03033784614925231,0.0009431206188103859
969,0.06643819817776646,0.011569067963769265
970,0.034338584968565,0.0013871607750869667
971,0.04809812501013431,0.0038755122381451605
972,0.05277987111580873,0.00518663471071575
973,0.034973541532765155,0.0014763575806393098
974,0.028643472237080206,0.0007814793716330086
975,0.031235010580150574,0.001058284795925499
976,0.025494999942786162,0.0005809929245989108
977,0.04820781142330388,0.003952117027990418
978,0.06621589383898933,0.011096416287287083
979,0.0627134952114542,0.009511728760386955
980,0.03447015608782097,0.0014171734893370191
981,0.06740312062256736,0.012113027290880325
